fes;time;f
1;47;2147485856
3;63;2147485854
5;63;2147485852
14;94;2147485851
25;110;2147485850
28;110;2147485849
30;110;2147485833
32;110;2147485831
40;125;2147485830
41;125;2147485829
43;125;2147485828
53;141;2147485827
55;141;2147485826
56;141;2147485824
72;156;2147485823
73;156;2147485822
74;156;2147485820
76;172;2147485818
80;172;2147485817
95;188;2147485816
98;188;2147485815
99;188;2147485813
103;203;2147485812
105;203;2147485811
106;203;2147485809
108;203;2147485808
109;203;2147485806
112;203;2147485804
113;203;2147485802
119;219;2147485797
120;219;2147485796
124;219;2147485795
126;219;2147485794
136;235;2147485792
141;235;2147485789
147;250;2147485788
150;250;2147485787
151;250;2147485785
167;266;2147485783
179;281;2147485782
180;281;2147485781
200;297;2147485780
206;297;2147485764
208;297;2147485763
209;297;2147485762
212;313;2147485761
215;313;2147485760
217;313;2147485758
219;313;2147485756
236;328;2147485755
242;328;2147485754
249;344;2147485753
260;344;2147485750
275;360;2147485749
282;360;2147485748
285;375;2147485747
287;375;2147485746
291;375;2147485745
294;375;2147485744
298;375;2147485743
302;391;2147485742
303;391;2147485740
310;391;2147485739
312;391;2147485738
324;406;2147485736
328;406;2147485734
329;406;2147485731
334;406;2147485728
338;422;2147485727
343;422;2147485726
346;422;2147485725
348;422;2147485724
349;422;2147485722
350;422;2147485720
362;438;2147485719
364;438;2147485718
370;438;2147485717
376;453;2147485716
377;453;2147485714
380;453;2147485712
386;453;2147485710
388;453;2147485708
394;469;2147485706
399;469;2147485705
405;469;2147485704
414;485;2147485702
415;485;2147485700
418;485;2147485699
419;485;2147485698
425;500;2147485697
429;500;2147485689
438;500;2147485688
443;516;2147485686
451;516;2147485685
453;516;2147485684
460;531;2147485683
465;531;2147485682
469;547;2147485681
478;563;2147485680
485;563;2147485678
500;578;2147485677
507;578;2147485675
533;610;2147485673
539;625;2147485595
545;625;2147485594
551;641;2147485593
552;641;2147485590
570;656;2147485589
582;672;2147485588
597;688;2147485587
599;688;2147485586
611;703;2147485584
613;703;2147485583
614;703;2147485582
617;703;2147485580
632;719;2147485579
636;719;2147485577
638;719;2147485575
642;719;2147485574
648;735;2147485573
652;735;2147485572
654;735;2147485571
656;735;2147485570
660;735;2147485569
662;750;2147485567
678;766;2147485566
683;766;2147485565
701;781;2147485563
719;797;2147485561
726;797;2147485559
744;813;2147485558
746;813;2147485557
750;828;2147485556
753;828;2147485555
769;844;2147485554
772;844;2147485553
785;859;2147485550
788;859;2147485549
795;875;2147485548
799;875;2147485547
804;875;2147485546
806;875;2147485545
829;906;2147485544
847;922;2147485542
854;922;2147485541
896;953;2147485540
897;953;2147485539
903;969;2147485538
904;969;2147485537
915;969;2147485536
918;984;2147485457
925;984;2147485456
930;984;2147485255
933;1000;2147485254
934;1000;2147485253
948;1016;2147485252
951;1016;2147485251
978;1031;2147485249
981;1047;2147485248
987;1047;2147485247
995;1063;2147485245
1011;1078;2147485244
1022;1078;2147485242
1026;1078;2147485241
1035;1094;2147485240
1064;1125;2147485239
1069;1125;2147485238
1077;1125;2147485237
1084;1141;2147485236
1102;1156;2147485234
1111;1156;2147485233
1118;1172;2147485232
1119;1172;2147485230
1120;1172;2147485229
1121;1172;2147485228
1124;1172;2147485227
1125;1172;2147485226
1152;1203;2147485076
1162;1219;2147485075
1165;1219;2147485073
1183;1234;2147485072
1200;1250;2147485071
1239;1281;2147485070
1248;1297;2147485069
1253;1297;2147485067
1267;1312;2147485066
1270;1312;2147485064
1272;1312;2147485063
1274;1312;2147485061
1287;1328;2147485059
1292;1328;2147485058
1297;1344;2147484809
1301;1344;2147484808
1332;1375;2147484807
1334;1375;2147484806
1348;1391;2147484805
1353;1391;2147484802
1359;1406;2147484801
1372;1406;2147484800
1375;1422;2147484799
1391;1437;2147484798
1393;1437;2147484797
1397;1437;2147484796
1400;1437;2147484795
1418;1453;2147484793
1426;1469;2147484792
1427;1469;2147484791
1435;1484;2147484790
1459;1500;2147484789
1468;1516;2147484788
1471;1516;2147484787
1476;1516;2147484786
1495;1531;2147484785
1508;1547;2147484782
1514;1562;2147484781
1517;1562;2147484779
1548;1594;2147484777
1572;1609;2147484776
1587;1625;2147484775
1591;1625;2147484774
1622;1656;2147484768
1637;1672;2147484767
1713;1750;2147484766
1731;1766;2147484765
1742;1781;2147484764
1752;1781;2147484763
1759;1797;2147484762
1763;1797;2147484761
1779;1812;2147484760
1790;1828;2147484759
1806;1844;2147484758
1850;1890;2147484757
1874;1906;2147484756
1877;1922;2147484755
1934;1969;2147484753
1961;2000;2147484752
1967;2000;2147484750
1994;2031;2147484749
2004;2047;2147484748
2007;2047;2147484746
2014;2047;2147484745
2046;2078;2147484738
2066;2109;2147484737
2112;2140;2147484736
2122;2156;2147484735
2141;2172;2147484734
2149;2187;2147484733
2151;2187;2147484107
2157;2187;2147484106
2177;2219;2147484105
2240;2281;2147484104
2257;2297;2147484103
2268;2312;2147484102
2289;2328;2147484101
2335;2375;2147484100
2338;2375;2147484098
2350;2390;2147484097
2385;2422;2147484096
2423;2468;2147483847
2430;2468;2147483846
2446;2484;2147483845
2474;2515;2147483844
2495;2531;2147483843
2501;2531;2147483842
2605;2640;2147483841
2651;2687;2147483840
2692;2721;2147483839
2751;2783;2147483837
2818;2861;2147483836
2825;2861;2147483835
2900;2939;2147483834
2917;2955;2147483833
2948;2986;2147483832
2958;3002;2147483831
2972;3018;2147483829
2976;3018;2147483828
2994;3033;2147483827
3003;3049;2147483826
3043;3080;2147483825
3109;3142;2147483824
3116;3158;2147483823
3166;3205;2147483822
3236;3267;2147483821
3247;3283;2147483820
3259;3299;2147483819
3263;3299;2147483818
3274;3299;2147483817
3320;3346;2147483816
3338;3361;2147483815
3343;3377;2147483814
3390;3424;2147483813
3409;3439;2147483812
3415;3439;2147483811
3417;3439;2147483810
3419;3439;2147483809
3466;3486;2147483808
3520;3549;2147483807
3540;3564;2147483806
3546;3580;2147483805
3549;3580;2147483804
3570;3595;2147483803
3590;3611;2147483802
3615;3642;2147483801
3664;3689;2147483800
3702;3720;2147483799
3728;3752;2147483798
3732;3752;2147483797
3780;3799;2147483796
3799;3830;2147483795
3802;3830;2147483794
3827;3845;2147483793
3875;3892;2147483792
3879;3892;2147483791
3896;3908;2147483790
3908;3924;2147483789
3915;3939;2147483788
3986;4002;2147483787
4026;4049;2147483786
4040;4064;2147483785
4271;4298;2147483784
4304;4330;2147483783
4315;4330;2147483781
4350;4361;2147483780
4391;4408;2147483779
4463;4486;2147483778
4510;4533;2147483777
4530;4548;2147483776
4563;4580;2147483775
4584;4595;2147483774
4597;4611;2147483773
4650;4658;2147483772
4679;4689;2147483771
4720;4736;2147483770
4730;4736;2147483769
4794;4798;2147483768
4847;4861;2147483767
4894;4908;2147483766
5041;5048;2147483765
5066;5080;2147483764
5136;5142;2147483762
5206;5205;2147483761
5252;5251;2147483760
5342;5345;2147483759
5358;5361;2147483758
5447;5439;2147483757
5629;5626;2147483756
5674;5658;2147483755
5699;5689;2147483754
5783;5767;2147483753
5829;5814;2147483752
5871;5861;2147483751
5940;5923;2147483750
6045;6032;2147483749
6046;6032;2147483748
6100;6079;2147483747
6131;6111;2147483746
6330;6314;2147483745
6416;6407;2147483744
6417;6407;2147483743
6516;6501;2147483742
6678;6657;2147483741
6702;6673;2147483740
6839;6813;2147483739
6948;6923;2147483738
7020;7001;2147483737
7098;7079;2147483736
7269;7251;2147483735
7313;7282;2147483734
7483;7454;2147483733
7515;7485;2147483732
7551;7516;2147483731
7595;7563;2147483730
7869;7847;2147483729
7875;7847;2147483728
8020;7988;2147483727
8033;8004;2147483726
8094;8066;2147483725
8179;8144;2147483724
8375;8347;2147483723
8644;8597;2147483721
8727;8691;2147483720
8919;8878;2147483719
8958;8910;2147483718
9039;9003;2147483717
9321;9269;2147483716
9357;9300;2147483714
9689;9628;2147483713
9753;9691;2147483712
9804;9738;2147483711
9862;9800;2147483710
9866;9816;2147483709
9891;9831;2147483708
9958;9894;2147483707
10013;9956;2147483706
10046;9988;2147483705
10425;10362;2147483704
10510;10441;2147483703
10604;10534;2147483702
10997;10909;2147483701
11044;10956;2147483700
11158;11081;2147483699
11185;11097;2147483698
11851;11753;2147483697
11999;11909;2147483696
12023;11925;2147483695
12250;12143;2147483694
12458;12362;2147483693
12653;12549;2147483692
12664;12549;2147483691
12740;12628;2147483690
12827;12724;2147483689
12889;12786;2147483688
13102;12989;2147483687
13149;13036;2147483686
13524;13411;2147483685
13739;13630;2147483684
14287;14176;2147483683
14915;14801;2147483682
15037;14911;2147483681
15361;15239;2147483680
15388;15270;2147483679
15651;15520;2147483678
15675;15551;2147483677
15925;15801;2147483676
16328;16191;2147483675
16352;16207;2147483674
16996;16848;2147483673
17100;16957;2147483672
17784;17644;2147483671
17865;17725;2147483670
18738;18584;2147483669
19606;19427;2147483668
20031;19849;2147483667
20094;19912;2147483666
20405;20208;2147483665
20485;20287;2147483664
20705;20505;2147483663
21474;21271;2147483662
24423;24180;2147483661
24694;24445;2147483660
25060;24805;2147483659
26213;25945;2147483658
27071;26804;2147483657
28291;28010;2147483656
29683;29385;2147483655
30697;30385;2147483654
31528;31213;2147483653
31935;31623;2147483652
50208;49696;2147483651
52763;52211;2147483650
57670;57042;2147483649
285689;283617;51262
285709;283632;51261
285750;283679;51256
285755;283695;51235
285763;283695;51221
285766;283710;51046
285767;283710;51039
285778;283710;50958
285801;283742;50954
285818;283757;50944
285827;283773;50752
285837;283788;50750
285847;283788;50748
285865;283820;50546
285955;283913;50536
286031;283992;50344
286040;284007;50303
286047;284007;50300
286128;284101;50296
286138;284117;50088
286201;284179;50048
286238;284226;50037
286261;284257;50021
286298;284288;50003
286323;284320;49963
286414;284413;49949
286418;284413;49933
286422;284413;49929
286424;284429;49921
286488;284491;49905
286490;284491;49889
286496;284507;49887
286501;284507;49871
286540;284554;49867
286547;284554;49847
286592;284601;49843
286612;284616;49842
286619;284632;49650
286723;284741;49634
286726;284757;49633
286751;284773;49615
286754;284788;49605
286837;284882;49604
286839;284882;49591
286854;284898;49389
286874;284913;49388
286915;284960;49352
286931;284976;49155
286980;285023;49111
286993;285038;49107
287008;285054;49091
287023;285085;49075
287027;285085;49059
287058;285116;48864
287083;285148;48859
287101;285163;48849
287142;285210;48845
287144;285210;48844
287177;285241;48840
287202;285272;48648
287264;285335;48645
287265;285335;48631
287269;285335;48429
287384;285460;48423
287395;285476;48422
287482;285569;48412
287539;285632;48220
287606;285710;48204
287630;285741;48200
287643;285757;48199
287681;285788;48196
287686;285788;48180
287775;285897;48170
287820;285944;47960
287835;285960;47944
287843;285960;47942
287895;286022;47932
287919;286038;47928
287983;286116;47927
288005;286147;47924
288024;286163;47908
288080;286225;47907
288117;286257;47715
288128;286272;47705
288143;286288;47701
288169;286319;47697
288174;286335;47687
288175;286335;47495
288198;286350;47493
288209;286366;47489
288217;286366;47485
288266;286428;47475
288299;286460;47474
288309;286475;47473
288319;286491;47469
288323;286491;47261
288335;286507;47245
288345;286507;47053
288351;286522;47051
288378;286553;47014
288385;286553;47012
288386;286553;47002
288393;286569;46982
288395;286569;46972
288416;286585;46967
288462;286632;46926
288475;286647;46922
288524;286694;46914
288533;286710;46910
288565;286741;46894
288572;286757;46893
288606;286788;46892
288624;286803;46882
288662;286850;46690
288672;286866;46674
288696;286881;46670
288717;286913;46667
288782;286975;46657
288798;287006;46465
288803;287006;46449
288805;287006;46446
288807;287006;46436
288848;287053;46432
288863;287069;46418
288878;287085;46407
288919;287131;46404
288924;287147;46394
288934;287147;46384
288954;287178;46368
288963;287194;46363
288989;287210;46358
289029;287256;46355
289062;287303;46351
289097;287335;46343
289106;287350;46340
289108;287350;46338
289156;287397;46330
289158;287397;46320
289219;287475;46281
289236;287491;46265
289252;287506;46264
289258;287506;46259
289291;287538;46257
289317;287569;46252
289325;287584;46248
289505;287772;46245
289516;287788;46043
289523;287803;45851
289542;287819;45847
289556;287834;45845
289569;287850;45835
289576;287850;45825
289577;287866;45817
289590;287868;45813
289638;287930;45808
289648;287946;45804
289677;287977;45800
289699;287993;45798
289718;288024;45794
289726;288024;45784
289731;288024;45768
289755;288055;45758
289757;288055;45566
289773;288071;45558
289778;288086;45555
289779;288086;45363
289827;288133;45353
289833;288149;45349
289843;288149;45345
289902;288227;45341
289917;288243;45325
289998;288321;45133
290054;288383;45117
290061;288399;45112
290066;288399;45107
290115;288446;45097
290124;288461;45087
290131;288477;45082
290173;288524;45066
290222;288571;45062
290242;288586;45058
290267;288618;45057
290275;288633;44865
290301;288664;44657
290342;288696;44613
290353;288711;44610
290375;288743;44607
290381;288743;44606
290472;288836;44590
290473;288836;44589
290500;288867;44586
290514;288883;44576
290558;288930;44575
290602;288977;44573
290679;289071;44557
290693;289086;44546
290773;289180;44530
290778;289180;44338
290833;289242;44334
290971;289399;44318
291014;289445;44110
291033;289461;44105
291050;289477;44102
291062;289492;44088
291074;289508;44072
291109;289539;44071
291134;289570;44068
291148;289586;44064
291331;289789;44054
291349;289820;43862
291351;289820;43852
291354;289820;43844
291478;289961;43828
291489;289961;43818
291573;290055;43816
291604;290086;43815
291621;290117;43811
291640;290133;43807
291652;290148;43797
291680;290180;43795
291718;290227;43791
291719;290227;43781
292060;290586;43777
292072;290601;43767
292114;290648;43757
292210;290758;43565
292256;290805;43555
292261;290805;43550
292268;290820;43546
292308;290867;43542
292335;290883;43538
292339;290898;43517
292564;291133;43516
292570;291148;43512
292571;291148;43472
292708;291304;43462
292727;291320;43460
292793;291398;43420
292796;291398;43228
292856;291461;43188
292940;291554;43184
293036;291664;43174
293049;291679;43173
293080;291711;43171
293086;291711;43167
293123;291757;43157
293132;291757;43156
293218;291867;43152
293273;291929;43149
293293;291945;43133
293478;292148;43132
293511;292195;43116
293548;292226;43100
293565;292257;43084
293613;292304;43045
293614;292304;43005
293743;292445;42968
293753;292460;42965
293825;292539;42950
293883;292601;42940
293890;292617;42924
293933;292663;42922
294168;292916;42921
294227;292979;42917
294282;293041;42915
294295;293057;42872
294300;293057;42868
294366;293135;42674
294516;293307;42670
294524;293307;42669
294536;293323;42666
294550;293338;42663
294640;293432;42660
294687;293494;42656
294751;293557;42454
294809;293619;42444
294899;293713;42439
294951;293776;42438
295007;293838;42434
295014;293838;42430
295072;293901;42417
295083;293916;42415
295148;293979;42371
295204;294041;42355
295236;294088;42339
295374;294244;42323
295385;294260;42313
295714;294619;42309
295751;294666;42304
295819;294729;42299
295895;294822;42259
296171;295119;42067
296398;295353;42066
296444;295416;42056
296469;295447;42047
296480;295447;42043
296499;295478;42033
296622;295603;42020
296696;295681;42017
296797;295791;41989
296873;295869;41985
297476;296541;41760
297526;296588;41744
297670;296759;41707
297757;296853;41699
297762;296853;41696
297826;296931;41695
297994;297119;41685
298157;297290;41682
298188;297322;41672
298208;297337;41670
298236;297369;41660
298316;297462;41657
298352;297494;41655
298546;297712;41649
298588;297759;41447
298821;298011;41445
298998;298214;41441
299024;298245;41249
299079;298308;41233
299147;298370;41229
299182;298417;41186
299190;298417;41185
299212;298448;41177
299252;298495;41161
299265;298511;41157
299271;298511;41147
299318;298573;41137
299635;298917;41132
299672;298964;41122
299865;299183;41121
299964;299292;41120
300112;299448;41110
300170;299511;41108
300225;299573;41068
300233;299573;41064
300375;299729;40985
300389;299745;40980
300469;299839;40977
300496;299854;40967
300548;299917;40963
300557;299932;40953
300560;299932;40951
300776;300167;40941
301256;300698;40937
301288;300729;40927
301507;300979;40911
301739;301229;40907
301803;301307;40905
302101;301619;40697
302248;301791;40695
302296;301854;40679
302305;301854;40676
302306;301854;40666
302358;301916;40656
302416;301979;40655
302606;302197;40652
302785;302401;40650
302820;302432;40645
302979;302619;40629
303024;302666;40619
303094;302744;40609
303100;302744;40593
303234;302903;40590
303475;303153;40574
303824;303543;40572
303840;303559;40556
303941;303668;40552
304174;303934;40549
304338;304106;40539
304421;304199;40534
304491;304278;40342
304566;304356;40338
304614;304402;40298
304704;304512;40288
305100;304934;40272
305247;305090;40256
305317;305168;40217
305359;305215;40207
305676;305558;40204
305804;305699;40202
305819;305730;40198
306263;306199;40197
306273;306215;40187
306554;306511;40177
306588;306558;40174
306653;306621;40160
306869;306871;40156
307075;307089;40152
307084;307105;40148
307124;307152;40146
307211;307246;40141
307345;307386;40131
307358;307402;40121
307388;307433;40117
307416;307464;40077
307427;307464;40037
307584;307636;40021
307698;307761;39829
307859;307936;39792
308392;308499;39790
308394;308514;39785
308408;308530;39780
308420;308539;39760
308492;308617;39759
308532;308664;39749
308547;308680;39745
308873;309039;39729
308967;309148;39689
309412;309633;39497
309576;309820;39495
309630;309883;39287
309773;310039;39285
309814;310070;39277
309939;310211;39267
309983;310258;39251
310179;310476;39247
310257;310570;39231
310351;310664;39215
311255;311663;39175
311523;311945;39171
311788;312241;39161
311908;312366;39160
312036;312507;39156
312079;312554;39155
312211;312710;39151
312242;312741;39141
312281;312788;39140
312558;313088;39104
312567;313104;39099
312615;313151;39079
313087;313666;39069
313226;313822;39059
313810;314463;39046
313940;314603;39010
314047;314728;39008
314473;315197;38972
314767;315509;38962
315062;315838;38959
315667;316494;38954
315725;316556;38949
315882;316744;38933
316012;316884;38917
316113;316994;38911
316351;317259;38909
316634;317571;38893
316639;317571;38883
317315;318356;38863
317544;318621;38858
317583;318668;38856
317695;318777;38654
317946;319059;38644
318403;319574;38642
318523;319699;38634
318732;319933;38624
318752;319965;38588
318892;320121;38587
319148;320402;38547
319584;320886;38511
319798;321121;38508
319856;321199;38498
319915;321261;38482
320668;322089;38480
320752;322183;38305
320794;322230;38289
321058;322527;38273
321394;322888;38071
321902;323435;38070
322131;323685;38067
322307;323888;37875
322444;324028;37871
322615;324216;37863
322629;324232;37859
322815;324450;37856
323046;324700;37844
323230;324903;37834
323430;325122;37794
323460;325153;37602
323740;325466;37598
324067;325825;37582
324215;325981;37543
324589;326403;37541
325203;327075;37525
325341;327231;37524
325527;327434;37520
326047;327999;37519
326055;328014;37513
326741;328764;37473
326886;328920;37472
326927;328967;37466
327603;329717;37456
327940;330076;37446
327957;330092;37254
328277;330467;37250
328794;331014;37050
329196;331467;37048
329410;331701;37032
329877;332217;37022
330885;333313;37012
331528;334032;37008
331756;334282;37006
332600;335188;36995
333222;335875;36991
333424;336094;36955
334164;336906;36945
334200;336953;36865
334598;337375;36855
335086;337924;36845
335475;338345;36842
336173;339111;36840
336220;339158;36830
336777;339767;36824
336795;339783;36820
337629;340704;36628
338502;341657;36626
338649;341829;36625
339463;342735;36609
339745;343035;36593
339861;343176;36592
339941;343254;36582
340116;343457;36581
340260;343613;36579
340418;343769;36539
340967;344363;36529
341360;344800;36523
341465;344910;34755
341737;345206;34745
341862;345347;34705
342979;346565;34665
343655;347300;34661
344425;348147;34660
344608;348350;34659
344780;348521;34657
345106;348881;34656
345273;349053;34655
345402;349209;34653
345540;349349;34645
345561;349381;34643
346348;350240;34642
346805;350740;34632
347014;350974;34629
347126;351099;34619
348110;352161;33529
348358;352442;33527
348893;353024;33488
349685;353883;33485
349848;354055;33481
349922;354149;33471
350549;354805;33279
351483;355836;33235
352729;357179;33234
352759;357210;33218
353336;357835;33205
354129;358760;33195
354142;358760;33180
355359;360088;33179
355734;360494;33178
355794;360557;33177
356287;361072;33167
359198;364246;33166
359696;364793;33140
359818;364934;33137
360238;365387;33097
362844;368249;33094
363817;369311;33078
364138;369655;33077
364296;369826;33067
364602;370154;32875
365461;371076;32871
365685;371326;32867
366238;371920;30146
366396;372091;30140
366838;372560;30100
367217;372970;30090
367418;373188;30080
367717;373516;30070
367846;373657;30069
367878;373688;30065
368722;374594;30063
369552;375500;30038
370114;376094;29886
371583;377719;29878
371696;377844;29839
373180;379425;29838
373676;379987;29834
373828;380143;29831
374190;380549;29794
374280;380643;29764
377309;383942;29754
378273;385004;29744
379050;385847;29597
379173;385972;29587
379220;386019;29584
380185;387082;29574
381623;388646;29564
382685;389802;29562
382841;389974;29558
383076;390224;29366
384165;391411;29362
385800;393194;29357
387989;395584;29210
390319;398133;29201
390482;398304;29197
391337;399226;29193
392031;400007;29183
392512;400507;29182
392590;400601;29176
392641;400648;29166
395117;403338;29164
396426;404791;29154
396754;405134;29138
398870;407446;29128
6154888;6224148;28765
6160047;6229979;28763
6176301;6248238;28761
6176723;6248707;28722
6184419;6257396;28682
6188113;6261567;28642
6195930;6270399;28640
6212214;6288850;28637
6245990;6327287;28445
6272297;6356814;28429
6979852;7134163;28139
6991254;7146868;28137
7007252;7164640;28135
7020464;7179486;28134
7025051;7184612;28124
7049465;7211853;28112
7089821;7257011;28110
7146106;7319770;28108
7180267;7357855;28106
7182112;7359901;28104
7185783;7363982;28102
7214554;7395906;28100
7334151;7529134;28099
7351888;7548891;28089
7521974;7738452;28087
7570759;7792869;28086
7815242;8065997;28084
7922748;8186524;28082
13581177;13903625;28079
13584068;13906877;28073
13585139;13908096;28069
13585295;13908268;28067
13586401;13909517;28065
13588211;13911551;28055
13589495;13912989;28019
13591888;13915660;28017
13596015;13920268;28013
13596346;13920643;28010
14855371;15201691;27190
14856015;15202409;27180
14856943;15203425;27178
14858469;15205131;27177
14862664;15209835;27137
14864083;15211397;27097
14865759;15213272;27094
14866617;15214225;27089
14866729;15214350;27088
14866931;15214584;27079
14877127;15225933;27077
14881921;15231291;24717
14882599;15232072;24713
14883204;15232747;24711
14893891;15244672;24706
14898926;15250267;24670
14904165;15256143;24668
14905663;15257814;24666
14905714;15257877;24665
14906664;15258955;24655
14908790;15261314;24650
14910557;15263298;24570
14912794;15265781;24567
14914867;15268112;24565
14922251;15276378;24528
14923381;15277628;24525
14927482;15282189;24523
14931950;15287159;24521
14934647;15290177;24481
14935699;15291380;24477
14943338;15299962;24467
14946078;15303024;24465
14946683;15303696;24426
14947430;15304524;24423
14951030;15308541;24413
14961941;15320685;24410
14962828;15321669;24408
14967393;15326717;24368
14970117;15329752;24365
14982594;15343727;24363
14986307;15347853;24362
15036114;15403573;24352
15038361;15406088;24350
15043586;15411918;24340
15054769;15424348;24300
15060457;15430647;24298
15108139;15483733;24296
15124446;15502001;24276
15148183;15528506;24264
15150685;15531287;24262
15181676;15565876;24256
15202786;15589432;24246
15211000;15598592;24244
15256824;15649670;24243
15261751;15655093;24240
15284110;15679991;24200
15496488;15916342;24198
15500085;15920328;24197
15545416;15971008;24187
15838744;16297926;24186
15869117;16331960;24185
15974986;16449999;24183
15977122;16452374;24182
32634644;33271439;23648
32635287;33272173;23643
32636293;33273298;23607
32638897;33276159;23605
32639400;33276706;23604
32640635;33278127;23599
32642127;33279818;23598
32642487;33280224;23597
32646444;33284679;23596
32658534;33298198;23560
32658667;33298354;23550
32659393;33299153;23549
32659694;33299488;23539
32665572;33306020;23499
32669645;33310552;23496
32671966;33313161;23487
32677117;33318900;23486
32677374;33319181;23450
32679355;33321400;23440
32681399;33323665;23400
32681911;33324246;23396
32683461;33325964;23395
32683905;33326464;23394
32685333;33328057;23358
32693615;33337312;23353
32697566;33341720;23349
32697743;33341907;23348
32697937;33342126;23338
32700913;33345460;23337
32701924;33346569;23335
32702431;33347132;23325
32702441;33347147;23323
32704319;33349260;23313
32707403;33352696;23310
32707511;33352821;23306
32708487;33353901;23305
32731002;33379159;23303
32738141;33387128;23293
32739692;33388864;23292
32746210;33396163;23290
32748333;33398522;23285
32753351;33404180;23284
32753966;33404867;23282
32757095;33408351;23281
32764605;33416759;23279
32768078;33420652;23239
32773433;33426625;23237
32773639;33426859;23235
32783943;33438391;23225
32789460;33444567;23221
#
# name: Hill Climbing RS
# algorithm_class: solver.HillClimbingWithRS
# instance: mary-spr17
# seed: -6315808491336711329
# bestF: 23221
# DTF: 0
# cost: 23221
# startTime: 1770387171358
# totalTime: 43200014
# totalFEs: 42245337
# maxFEs: 9223372036854775807
# maxMilliSeconds: 43200000
# maxSeconds: 43200
#
<?xml version="1.0" encoding="UTF-8" standalone="no"?>
<solution author="ScholORs" cores="1" country="China and Malaysia" institution="Bejing/Hefei/Malaysia" name="mary-spr17" runtime="43200" technique="hillclimbingwithrs">
    <class days="0010100" id="1" room="3" start="114" weeks="1111111101111111"/>
    <class days="0010100" id="2" room="13" start="96" weeks="1111111101111111"/>
    <class days="0010100" id="3" room="16" start="114" weeks="1111111101111111"/>
    <class days="0101000" id="4" room="1" start="168" weeks="1111111101111111"/>
    <class days="1000000" id="5" room="12" start="216" weeks="1111111100000000"/>
    <class days="1010000" id="6" room="24" start="96" weeks="1111111101111111"/>
    <class days="0101000" id="7" room="24" start="132" weeks="1111111101111111"/>
    <class days="0101000" id="8" room="24" start="168" weeks="1111111101111111"/>
    <class days="0100000" id="9" room="24" start="216" weeks="0000000011111111"/>
    <class days="0001000" id="10" room="24" start="216" weeks="1111111100000000"/>
    <class days="1000000" id="11" room="15" start="216" weeks="0000000011111111"/>
    <class days="0101000" id="12" room="10" start="96" weeks="1111111101111111"/>
    <class days="0101000" id="13" room="12" start="96" weeks="1111111101111111"/>
    <class days="0100000" id="14" room="9" start="216" weeks="1111111100000000"/>
    <class days="1010000" id="15" room="12" start="132" weeks="1111111101111111"/>
    <class days="1010100" id="16" room="31" start="132" weeks="1111111101111111"/>
    <class days="0010000" id="17" room="12" start="216" weeks="0000000011111111"/>
    <class days="0010000" id="18" room="15" start="216" weeks="0000000011111111"/>
    <class days="1000000" id="19" room="24" start="216" weeks="0000000011111111"/>
    <class days="0010000" id="20" room="5" start="216" weeks="1111111100000000"/>
    <class days="0001000" id="21" room="25" start="216" weeks="1111111101111111"/>
    <class days="0010000" id="22" room="25" start="216" weeks="1111111101111111"/>
    <class days="0001000" id="23" room="28" start="216" weeks="1111111101111111"/>
    <class days="0010100" id="24" room="11" start="132" weeks="1111111101111111"/>
    <class days="1010000" id="25" room="13" start="168" weeks="1111111101111111"/>
    <class days="1010000" id="26" room="28" start="96" weeks="1111111101111111"/>
    <class days="0101000" id="27" room="27" start="114" weeks="1111111101111111"/>
    <class days="1000000" id="28" room="17" start="168" weeks="1111111101111111"/>
    <class days="1010000" id="29" room="17" start="114" weeks="1111111101111111"/>
    <class days="0100000" id="30" room="20" start="216" weeks="1111111101111111"/>
    <class days="1010000" id="31" room="7" start="132" weeks="1111111101111111"/>
    <class days="0101000" id="32" room="12" start="168" weeks="1111111101111111"/>
    <class days="0101000" id="33" room="11" start="114" weeks="1111111101111111"/>
    <class days="0001000" id="34" room="5" start="96" weeks="1111111101111111"/>
    <class days="0010000" id="35" room="41" start="168" weeks="1111111101111111"/>
    <class days="0100000" id="36" room="26" start="216" weeks="1010101010101010"/>
    <class days="1010000" id="37" room="28" start="114" weeks="1111111101111111"/>
    <class days="0101000" id="38" room="32" start="114" weeks="1111111101111111"/>
    <class days="0101000" id="39" room="5" start="150" weeks="1111111101111111"/>
    <class days="1010000" id="40" room="33" start="96" weeks="1111111101111111"/>
    <class days="0101000" id="41" room="40" start="216" weeks="1111111101111111"/>
    <class days="1010000" id="42" room="40" start="216" weeks="1111111101111111"/>
    <class days="0101000" id="43" room="41" start="150" weeks="1111111101111111"/>
    <class days="1010000" id="44" room="52" start="114" weeks="1111111101111111"/>
    <class days="1010000" id="45" room="52" start="132" weeks="1111111101111111"/>
    <class days="0000010" id="46" room="60" start="108" weeks="1111111101110111"/>
    <class days="0000010" id="47" room="51" start="150" weeks="1111111101110111"/>
    <class days="0000001" id="48" room="51" start="150" weeks="1111111101110111"/>
    <class days="0000001" id="49" room="60" start="108" weeks="1111111101110111"/>
    <class days="1000000" id="50" room="51" start="216" weeks="1111111101111111"/>
    <class days="0100000" id="51" room="52" start="216" weeks="1111111101111111"/>
    <class days="0000010" id="52" room="56" start="150" weeks="1111111101110111"/>
    <class days="0000010" id="53" room="60" start="150" weeks="1111111101110111"/>
    <class days="0000010" id="54" room="52" start="150" weeks="1111111101110111"/>
    <class days="0000001" id="55" room="52" start="150" weeks="1111111101110111"/>
    <class days="0000001" id="56" room="51" start="108" weeks="1111111101110111"/>
    <class days="0000010" id="57" room="51" start="108" weeks="1111111101110111"/>
    <class days="0000001" id="58" room="52" start="108" weeks="1111111101110111"/>
    <class days="0010000" id="59" room="51" start="216" weeks="1111111101111111"/>
    <class days="0001000" id="60" room="52" start="216" weeks="1111111101111111"/>
    <class days="0101000" id="61" room="60" start="168" weeks="1111111101111111"/>
    <class days="1010000" id="62" room="56" start="168" weeks="1111111101111111"/>
    <class days="0101000" id="63" room="52" start="114" weeks="1111111101111111"/>
    <class days="0101000" id="64" room="51" start="114" weeks="1111111101111111"/>
    <class days="1010000" id="65" room="60" start="114" weeks="1111111101111111"/>
    <class days="1010000" id="66" room="51" start="168" weeks="1111111101111111"/>
    <class days="0101000" id="67" room="60" start="216" weeks="1111111101111111"/>
    <class days="1010000" id="68" room="60" start="216" weeks="1111111101111111"/>
    <class days="0101000" id="69" room="60" start="114" weeks="1111111101111111"/>
    <class days="1010000" id="70" room="51" start="114" weeks="1111111101111111"/>
    <class days="0101000" id="71" room="52" start="168" weeks="1111111101111111"/>
    <class days="1010000" id="72" room="52" start="168" weeks="1111111101111111"/>
    <class days="0101000" id="73" room="56" start="168" weeks="1111111101111111"/>
    <class days="0101000" id="74" room="51" start="216" weeks="1111111101111111"/>
    <class days="0000100" id="75" room="51" start="108" weeks="1111111101110111"/>
    <class days="0000001" id="76" room="58" start="108" weeks="1111111101110111"/>
    <class days="0001000" id="77" room="53" start="216" weeks="1111111101111111"/>
    <class days="0100000" id="78" room="53" start="216" weeks="1111111101111111"/>
    <class days="0000001" id="79" room="53" start="150" weeks="1111111101110111"/>
    <class days="0000010" id="80" room="53" start="108" weeks="1111111101110111"/>
    <class days="0000001" id="81" room="54" start="108" weeks="1111111101110111"/>
    <class days="0100000" id="82" room="54" start="216" weeks="1111111101111111"/>
    <class days="0001000" id="83" room="58" start="216" weeks="1111111101111111"/>
    <class days="0001000" id="84" room="54" start="216" weeks="1111111101111111"/>
    <class days="0000010" id="85" room="58" start="150" weeks="1111111101110111"/>
    <class days="0000010" id="86" room="53" start="150" weeks="1111111101110111"/>
    <class days="0000001" id="87" room="54" start="150" weeks="1111111101110111"/>
    <class days="0100000" id="88" room="58" start="216" weeks="1111111101111111"/>
    <class days="0000010" id="89" room="54" start="108" weeks="1111111101110111"/>
    <class days="1010000" id="90" room="59" start="114" weeks="1111111101111111"/>
    <class days="1010000" id="91" room="59" start="168" weeks="1111111101111111"/>
    <class days="1010000" id="92" room="58" start="168" weeks="1111111101111111"/>
    <class days="1010000" id="93" room="58" start="114" weeks="1111111101111111"/>
    <class days="0101000" id="94" room="58" start="114" weeks="1111111101111111"/>
    <class days="0101000" id="95" room="58" start="168" weeks="1111111101111111"/>
    <class days="0101000" id="96" room="44" start="150" weeks="1111111101111111"/>
    <class days="0101000" id="97" room="54" start="168" weeks="1111111101111111"/>
    <class days="1010000" id="98" room="54" start="114" weeks="1111111101111111"/>
    <class days="1010000" id="99" room="54" start="168" weeks="1111111101111111"/>
    <class days="0101000" id="100" room="54" start="114" weeks="1111111101111111"/>
    <class days="0101000" id="101" room="53" start="168" weeks="1111111101111111"/>
    <class days="1010000" id="102" room="53" start="114" weeks="1111111101111111"/>
    <class days="1010000" id="103" room="58" start="216" weeks="1111111101111111"/>
    <class days="0100000" id="104" room="56" start="216" weeks="1111111101111111"/>
    <class days="0000010" id="105" room="52" start="108" weeks="1111111101110111"/>
    <class days="0000001" id="106" room="60" start="150" weeks="1111111101110111"/>
    <class days="0101000" id="107" room="56" start="114" weeks="1111111101111111"/>
    <class days="1010000" id="108" room="52" start="216" weeks="1111111101111111"/>
    <class days="0001000" id="109" room="56" start="216" weeks="1111111101111111"/>
    <class days="0000001" id="110" room="56" start="150" weeks="1111111101110111"/>
    <class days="0000001" id="111" room="56" start="108" weeks="1111111101110111"/>
    <class days="0100000" id="112" room="48" start="216" weeks="1111111101111111"/>
    <class days="0000001" id="113" room="48" start="150" weeks="1111111101110111"/>
    <class days="0000010" id="114" room="48" start="150" weeks="1111111101110111"/>
    <class days="0010000" id="115" room="48" start="216" weeks="1111111101111111"/>
    <class days="1000000" id="116" room="50" start="216" weeks="1111111101111111"/>
    <class days="0000010" id="117" room="50" start="108" weeks="1111111101110111"/>
    <class days="0100000" id="118" room="50" start="216" weeks="1111111101111111"/>
    <class days="0001000" id="119" room="50" start="216" weeks="1111111101111111"/>
    <class days="0001000" id="120" room="45" start="216" weeks="1111111101111111"/>
    <class days="1000000" id="121" room="45" start="216" weeks="1111111101111111"/>
    <class days="0010000" id="122" room="46" start="216" weeks="1111111101111111"/>
    <class days="1000000" id="123" room="46" start="216" weeks="1111111101111111"/>
    <class days="0010000" id="124" room="57" start="216" weeks="1111111101111111"/>
    <class days="0100000" id="125" room="49" start="216" weeks="1111111101111111"/>
    <class days="0000010" id="126" room="56" start="108" weeks="1111111101110111"/>
    <class days="1010000" id="127" room="56" start="114" weeks="1111111101111111"/>
    <class days="0101000" id="128" room="51" start="168" weeks="1111111101111111"/>
    <class days="1010000" id="129" room="60" start="168" weeks="1111111101111111"/>
    <class days="0000100" id="130" room="56" start="108" weeks="1111111101110111"/>
    <class days="1010000" id="131" room="48" start="168" weeks="1111111101111111"/>
    <class days="0101000" id="132" room="48" start="114" weeks="1111111101111111"/>
    <class days="0101000" id="133" room="48" start="168" weeks="1111111101111111"/>
    <class days="1010000" id="134" room="48" start="114" weeks="1111111101111111"/>
    <class days="1010000" id="135" room="50" start="114" weeks="1111111101111111"/>
    <class days="0101000" id="136" room="50" start="114" weeks="1111111101111111"/>
    <class days="0101000" id="137" room="50" start="168" weeks="1111111101111111"/>
    <class days="0101000" id="138" room="45" start="168" weeks="1111111101111111"/>
    <class days="0101000" id="139" room="45" start="114" weeks="1111111101111111"/>
    <class days="1010000" id="140" room="46" start="114" weeks="1111111101111111"/>
    <class days="1010000" id="141" room="46" start="168" weeks="1111111101111111"/>
    <class days="1010000" id="142" room="47" start="168" weeks="1111111101111111"/>
    <class days="0101000" id="143" room="49" start="114" weeks="1111111101111111"/>
    <class days="1010000" id="144" room="56" start="216" weeks="1111111101111111"/>
    <class days="1010000" id="145" room="49" start="114" weeks="1111111101111111"/>
    <class days="0100000" id="146" start="210" weeks="1111111101111111"/>
    <class days="0010100" id="147" room="18" start="132" weeks="1111111101111111"/>
    <class days="0000010" id="148" room="21" start="168" weeks="1000000000000000"/>
    <class days="0000010" id="149" room="17" start="114" weeks="0101010101010100"/>
    <class days="0001000" id="150" room="34" start="168" weeks="1111111101111111"/>
    <class days="0001000" id="151" room="34" start="120" weeks="1111111101111111"/>
    <class days="0010100" id="152" room="4" start="114" weeks="1111111101111111"/>
    <class days="0101000" id="153" room="4" start="150" weeks="1111111101111111"/>
    <class days="0101000" id="154" room="1" start="132" weeks="1111111101111111"/>
    <class days="1010000" id="155" room="19" start="132" weeks="1111111101111111"/>
    <class days="0000010" id="156" room="17" start="114" weeks="1000000000000000"/>
    <class days="0000010" id="157" room="17" start="168" weeks="0101010101010100"/>
    <class days="1000000" id="158" room="34" start="144" weeks="1111111101111111"/>
    <class days="1000000" id="159" room="34" start="192" weeks="1111111101111111"/>
    <class days="1000000" id="160" room="34" start="96" weeks="1111111101111111"/>
    <class days="0010000" id="161" room="34" start="144" weeks="1111111101111111"/>
    <class days="0010000" id="162" room="34" start="96" weeks="1111111101111111"/>
    <class days="0010000" id="163" room="34" start="192" weeks="1111111101111111"/>
    <class days="0100000" id="164" room="34" start="168" weeks="1111111101111111"/>
    <class days="0100000" id="165" room="34" start="120" weeks="1111111101111111"/>
    <class days="0100000" id="166" room="34" start="96" weeks="1111111101111111"/>
    <class days="0010000" id="167" room="34" start="120" weeks="1111111101111111"/>
    <class days="0101000" id="168" room="1" start="96" weeks="1111111101111111"/>
    <class days="1010000" id="169" room="18" start="114" weeks="1111111101111111"/>
    <class days="0101000" id="170" room="33" start="216" weeks="1010101010101010"/>
    <class days="0101000" id="171" room="33" start="216" weeks="0101010101010101"/>
    <class days="0101000" id="172" room="40" start="246" weeks="1010101010101010"/>
    <class days="0101000" id="173" room="40" start="246" weeks="0101010101010101"/>
    <class days="0101000" id="174" room="37" start="114" weeks="1111111101111111"/>
    <class days="0101000" id="175" room="34" start="150" weeks="1111111101111111"/>
    <class days="0010100" id="176" room="37" start="168" weeks="1111111101111111"/>
    <class days="0101000" id="177" room="37" start="204" weeks="1111111101111111"/>
    <class days="0010100" id="178" room="37" start="204" weeks="1111111101111111"/>
    <class days="0101000" id="179" room="37" start="228" weeks="1010101010101010"/>
    <class days="0101000" id="180" room="37" start="228" weeks="0101010101010101"/>
    <class days="0101000" id="181" room="9" start="150" weeks="1111111101111111"/>
    <class days="1010000" id="182" room="13" start="186" weeks="1111111101111111"/>
    <class days="0010000" id="183" room="37" start="96" weeks="1111111101111111"/>
    <class days="0100000" id="184" room="37" start="168" weeks="1111111101111111"/>
    <class days="0010000" id="185" room="38" start="132" weeks="1111111101111111"/>
    <class days="0010100" id="186" room="32" start="96" weeks="1111111101111111"/>
    <class days="0101000" id="187" room="26" start="168" weeks="1111111101111111"/>
    <class days="0101000" id="188" room="28" start="132" weeks="1111111101111111"/>
    <class days="0101000" id="189" room="16" start="114" weeks="1111111101111111"/>
    <class days="1010000" id="190" room="33" start="186" weeks="1111111101111111"/>
    <class days="0100000" id="191" room="37" start="132" weeks="1111111101111111"/>
    <class days="0100000" id="192" room="38" start="204" weeks="1111111101111111"/>
    <class days="0100000" id="193" room="38" start="96" weeks="1111111101111111"/>
    <class days="1000000" id="194" room="37" start="168" weeks="1111111101111111"/>
    <class days="1000000" id="195" room="37" start="204" weeks="1111111101111111"/>
    <class days="1000000" id="196" room="37" start="96" weeks="1111111101111111"/>
    <class days="0010000" id="197" room="37" start="132" weeks="1111111101111111"/>
    <class days="0010100" id="198" room="26" start="96" weeks="1111111101111111"/>
    <class days="1000000" id="199" room="68" start="96" weeks="1111111101111111"/>
    <class days="0101000" id="200" room="26" start="114" weeks="1111111101111111"/>
    <class days="0010000" id="201" room="38" start="96" weeks="1111111101111111"/>
    <class days="0101000" id="202" room="44" start="168" weeks="1111111101111111"/>
    <class days="0101000" id="203" room="41" start="114" weeks="1111111101111111"/>
    <class days="1010000" id="204" room="32" start="150" weeks="1111111101111111"/>
    <class days="0001000" id="205" room="37" start="132" weeks="1111111101111111"/>
    <class days="1000000" id="206" room="37" start="132" weeks="1111111101111111"/>
    <class days="0000100" id="207" room="37" start="96" weeks="1111111101110111"/>
    <class days="1010000" id="208" room="43" start="132" weeks="1111111101111111"/>
    <class days="1000000" id="209" room="38" start="168" weeks="1111111101111111"/>
    <class days="1010000" id="210" room="44" start="132" weeks="1111111101111111"/>
    <class days="0010100" id="211" room="38" start="168" weeks="1111111101111111"/>
    <class days="1010000" id="212" room="41" start="114" weeks="1111111101111111"/>
    <class days="0001000" id="213" room="38" start="96" weeks="1111111101111111"/>
    <class days="0001000" id="214" room="38" start="132" weeks="1111111101111111"/>
    <class days="1010000" id="215" room="44" start="114" weeks="1111111101111111"/>
    <class days="1000000" id="216" room="38" start="132" weeks="1111111101111111"/>
    <class days="1010000" id="217" room="13" start="114" weeks="1111111101111111"/>
    <class days="0101000" id="218" room="41" start="132" weeks="1111111101111111"/>
    <class days="0101000" id="219" room="27" start="168" weeks="1111111101111111"/>
    <class days="1010000" id="220" room="68" start="150" weeks="1111111101111111"/>
    <class days="1010000" id="221" room="68" start="132" weeks="1111111101111111"/>
    <class days="0010100" id="222" room="5" start="132" weeks="1111111101111111"/>
    <class days="0101000" id="223" room="2" start="168" weeks="1111111101111111"/>
    <class days="0101000" id="224" room="13" start="186" weeks="1111111101111111"/>
    <class days="0001000" id="225" room="3" start="216" weeks="0000000011111111"/>
    <class days="1010000" id="226" room="20" start="132" weeks="1111111101111111"/>
    <class days="0101000" id="227" room="12" start="114" weeks="1111111101111111"/>
    <class days="0101000" id="228" room="25" start="168" weeks="1111111101111111"/>
    <class days="1000000" id="229" room="3" start="216" weeks="1111111100000000"/>
    <class days="0101000" id="230" room="11" start="96" weeks="1111111101111111"/>
    <class days="0001000" id="231" room="15" start="216" weeks="1111111100000000"/>
    <class days="0101000" id="232" room="1" start="150" weeks="1111111101111111"/>
    <class days="0010100" id="233" room="1" start="114" weeks="1111111101111111"/>
    <class days="0001000" id="234" room="69" start="210" weeks="0000000011111111"/>
    <class days="0001000" id="235" room="13" start="216" weeks="1111111100000000"/>
    <class days="0001000" id="236" room="69" start="210" weeks="1111111100000000"/>
    <class days="0001000" id="237" room="32" start="216" weeks="0000000011111111"/>
    <class days="0100000" id="238" room="15" start="216" weeks="1111111100000000"/>
    <class days="0100000" id="239" room="32" start="216" weeks="0000000011111111"/>
    <class days="0101000" id="240" room="27" start="150" weeks="1111111101111111"/>
    <class days="1000000" id="241" room="36" start="96" weeks="1111111101111111"/>
    <class days="0101000" id="242" room="3" start="96" weeks="1111111101111111"/>
    <class days="0101000" id="243" room="15" start="132" weeks="1111111101111111"/>
    <class days="1010000" id="244" room="1" start="132" weeks="1111111101111111"/>
    <class days="1010100" id="245" room="15" start="156" weeks="1111111101111111"/>
    <class days="0101000" id="246" room="3" start="168" weeks="1111111101111111"/>
    <class days="1010000" id="247" room="3" start="96" weeks="1111111101111111"/>
    <class days="0001000" id="248" room="36" start="132" weeks="1111111101111111"/>
    <class days="0001000" id="249" room="36" start="204" weeks="1111111101111111"/>
    <class days="0010000" id="250" room="36" start="96" weeks="1111111101111111"/>
    <class days="1000000" id="251" room="36" start="204" weeks="1111111101111111"/>
    <class days="0000100" id="252" room="36" start="96" weeks="1111111101110111"/>
    <class days="1000000" id="253" room="36" start="132" weeks="1111111101111111"/>
    <class days="0100000" id="254" room="36" start="96" weeks="1111111101111111"/>
    <class days="1000000" id="255" room="36" start="168" weeks="1111111101111111"/>
    <class days="0100000" id="256" room="36" start="168" weeks="1111111101111111"/>
    <class days="0010000" id="257" room="36" start="132" weeks="1111111101111111"/>
    <class days="0010000" id="258" room="36" start="204" weeks="1111111101111111"/>
    <class days="1010000" id="259" room="27" start="132" weeks="1111111101111111"/>
    <class days="0010000" id="260" room="28" start="216" weeks="1111111101111111"/>
    <class days="0101000" id="261" room="42" start="168" weeks="1111111101111111"/>
    <class days="1010000" id="262" room="42" start="168" weeks="1111111101111111"/>
    <class days="1010000" id="263" room="13" start="150" weeks="1111111101111111"/>
    <class days="0100000" id="264" room="36" start="204" weeks="1111111101111111"/>
    <class days="0100000" id="265" room="36" start="132" weeks="1111111101111111"/>
    <class days="0001000" id="266" room="36" start="168" weeks="1111111101111111"/>
    <class days="0001000" id="267" room="36" start="96" weeks="1111111101111111"/>
    <class days="1010000" id="268" room="27" start="150" weeks="1111111101111111"/>
    <class days="1010000" id="269" room="44" start="96" weeks="1111111101111111"/>
    <class days="0010000" id="270" room="70" start="132" weeks="1111111101111111"/>
    <class days="1010100" id="271" room="17" start="144" weeks="1111111101111111"/>
    <class days="0101000" id="272" room="18" start="114" weeks="1111111101111111"/>
    <class days="0101000" id="273" room="71" start="114" weeks="1111111101111111"/>
    <class days="1010100" id="274" room="20" start="108" weeks="1111111101111111"/>
    <class days="0101000" id="275" room="21" start="150" weeks="1111111101111111"/>
    <class days="1010000" id="276" room="18" start="168" weeks="1111111101111111"/>
    <class days="0101000" id="277" room="71" start="168" weeks="1111111101111111"/>
    <class days="0101000" id="278" room="20" start="168" weeks="1111111101111111"/>
    <class days="1010000" id="279" room="10" start="168" weeks="1111111101111111"/>
    <class days="1010000" id="280" room="26" start="168" weeks="1111111101111111"/>
    <class days="0101000" id="281" room="61" start="150" weeks="1111111101111111"/>
    <class days="0101000" id="282" room="9" start="168" weeks="1111111101111111"/>
    <class days="0101000" id="283" room="8" start="150" weeks="1111111101111111"/>
    <class days="0101000" id="284" room="28" start="96" weeks="1111111101111111"/>
    <class days="0101000" id="285" room="15" start="96" weeks="1111111101111111"/>
    <class days="1010000" id="286" room="40" start="168" weeks="1111111101111111"/>
    <class days="0101000" id="287" room="5" start="132" weeks="1111111101111111"/>
    <class days="0101000" id="288" room="13" start="150" weeks="1111111101111111"/>
    <class days="1000000" id="289" room="16" start="168" weeks="1111111101111111"/>
    <class days="1000000" id="290" room="26" start="216" weeks="1111111101111111"/>
    <class days="1000000" id="291" room="27" start="216" weeks="1111111100000000"/>
    <class days="0010000" id="292" room="26" start="216" weeks="0000000011111111"/>
    <class days="1000000" id="293" room="12" start="216" weeks="0000000011111111"/>
    <class days="0100000" id="294" room="8" start="216" weeks="0000000011111111"/>
    <class days="0100000" id="295" room="43" start="216" weeks="1111111100000000"/>
    <class days="0010000" id="296" room="26" start="216" weeks="1111111100000000"/>
    <class days="1000000" id="297" room="31" start="216" weeks="1111111101111111"/>
    <class days="1010100" id="298" room="8" start="96" weeks="1111111101111111"/>
    <class days="0101000" id="299" room="40" start="132" weeks="1111111101111111"/>
    <class days="1010000" id="300" room="7" start="96" weeks="1111111101111111"/>
    <class days="1010000" id="301" room="6" start="168" weeks="1111111101111111"/>
    <class days="1010100" id="302" room="27" start="96" weeks="1111111101111111"/>
    <class days="0001000" id="303" room="32" start="216" weeks="1111111100000000"/>
    <class days="0101000" id="304" room="15" start="168" weeks="1111111101111111"/>
    <class days="0100000" id="305" room="4" start="96" weeks="1111111101111111"/>
    <class days="0001000" id="306" room="3" start="216" weeks="1111111100000000"/>
    <class days="0101000" id="307" room="20" start="150" weeks="1111111101111111"/>
    <class days="1010000" id="308" room="21" start="132" weeks="1111111101111111"/>
    <class days="1010000" id="309" room="10" start="150" weeks="1111111101111111"/>
    <class days="0010000" id="310" room="13" start="216" weeks="0000000011111111"/>
    <class days="0010000" id="311" room="16" start="216" weeks="0000000011111111"/>
    <class days="0100000" id="312" room="69" start="210" weeks="1111111100000000"/>
    <class days="0010000" id="313" room="15" start="216" weeks="1111111100000000"/>
    <class days="0010000" id="314" room="20" start="216" weeks="0000000011111111"/>
    <class days="0100000" id="315" room="74" start="234" weeks="1111111101111111"/>
    <class days="1000000" id="316" room="7" start="204" weeks="1111111101111111"/>
    <class days="0100000" id="317" room="74" start="204" weeks="1111111101111111"/>
    <class days="0001000" id="318" room="10" start="204" weeks="1111111101111111"/>
    <class days="0001000" id="319" room="10" start="234" weeks="1111111101111111"/>
    <class days="1000000" id="320" room="7" start="234" weeks="1111111101111111"/>
    <class days="0001000" id="321" room="74" start="204" weeks="1111111101111111"/>
    <class days="0001000" id="322" room="74" start="234" weeks="1111111101111111"/>
    <class days="0100000" id="323" room="5" start="204" weeks="1111111101111111"/>
    <class days="0000100" id="324" room="13" start="234" weeks="1111111101110111"/>
    <class days="0100000" id="325" room="5" start="234" weeks="1111111101111111"/>
    <class days="0000100" id="326" room="13" start="204" weeks="1111111101110111"/>
    <class days="0001000" id="327" room="5" start="234" weeks="1111111101111111"/>
    <class days="0100000" id="328" room="17" start="216" weeks="1111111100000000"/>
    <class days="0100000" id="329" room="16" start="216" weeks="0000000011111111"/>
    <class days="0000100" id="330" room="9" start="234" weeks="1111111101110111"/>
    <class days="0001000" id="331" room="20" start="234" weeks="1111111101111111"/>
    <class days="0001000" id="332" room="20" start="204" weeks="1111111101111111"/>
    <class days="0010000" id="333" room="74" start="234" weeks="1111111101111111"/>
    <class days="1000000" id="334" room="5" start="234" weeks="1111111101111111"/>
    <class days="1000000" id="335" room="74" start="234" weeks="1111111101111111"/>
    <class days="1000000" id="336" room="5" start="204" weeks="1111111101111111"/>
    <class days="1000000" id="337" room="74" start="204" weeks="1111111101111111"/>
    <class days="0000100" id="338" room="9" start="204" weeks="1111111101110111"/>
    <class days="1000000" id="339" room="13" start="204" weeks="1111111101111111"/>
    <class days="0100000" id="340" room="22" start="234" weeks="1111111101111111"/>
    <class days="1000000" id="341" room="13" start="234" weeks="1111111101111111"/>
    <class days="0100000" id="342" room="22" start="204" weeks="1111111101111111"/>
    <class days="0010000" id="343" room="74" start="204" weeks="1111111101111111"/>
    <class days="0001000" id="344" room="35" start="96" weeks="1111111101111111"/>
    <class days="0000100" id="345" room="35" start="96" weeks="1111111101110111"/>
    <class days="0101000" id="346" start="96" weeks="1111111101111111"/>
    <class days="1010000" id="347" room="35" start="114" weeks="1111111101111111"/>
    <class days="0101000" id="348" start="96" weeks="1111111101111111"/>
    <class days="1000000" id="349" room="74" start="168" weeks="1111111101111111"/>
    <class days="0100000" id="350" room="74" start="168" weeks="1111111101111111"/>
    <class days="0001000" id="351" room="35" start="168" weeks="1111111101111111"/>
    <class days="0100000" id="352" room="13" start="216" weeks="1111111101111111"/>
    <class days="0000100" id="353" room="35" start="228" weeks="1111111101110111"/>
    <class days="0101000" id="354" start="96" weeks="1111111101111111"/>
    <class days="0001000" id="355" room="35" start="216" weeks="1111111101111111"/>
    <class days="1010000" id="356" room="35" start="96" weeks="1111111101111111"/>
    <class days="0101000" id="357" start="96" weeks="1111111101111111"/>
    <class days="1000000" id="358" room="11" start="216" weeks="1111111101111111"/>
    <class days="0010000" id="359" room="74" start="168" weeks="1111111101111111"/>
    <class days="1000000" id="360" room="35" start="168" weeks="1111111101111111"/>
    <class days="1111100" id="361" start="84" weeks="1111111101111111"/>
    <class days="0100000" id="362" room="35" start="168" weeks="1111111101111111"/>
    <class days="1000000" id="363" room="35" start="216" weeks="1111111101111111"/>
    <class days="1000000" id="364" room="42" start="216" weeks="1111111101111111"/>
    <class days="0100000" id="365" room="35" start="216" weeks="1111111101111111"/>
    <class days="0001000" id="366" room="17" start="204" weeks="1111111101111111"/>
    <class days="0001000" id="367" room="17" start="234" weeks="1111111101111111"/>
    <class days="0100000" id="368" room="3" start="216" weeks="1111111101111111"/>
    <class days="0010000" id="369" room="35" start="216" weeks="1111111101111111"/>
    <class days="0101000" id="370" room="43" start="96" weeks="1111111101111111"/>
    <class days="0101000" id="371" room="2" start="150" weeks="1111111101111111"/>
    <class days="0101000" id="372" room="42" start="114" weeks="1111111101111111"/>
    <class days="0101000" id="373" room="13" start="132" weeks="1111111101111111"/>
    <class days="1010000" id="374" room="4" start="168" weeks="1111111101111111"/>
    <class days="0101000" id="375" room="42" start="150" weeks="1111111101111111"/>
    <class days="0101000" id="376" room="42" start="186" weeks="1111111101111111"/>
    <class days="1010000" id="377" room="33" start="150" weeks="1111111101111111"/>
    <class days="0101000" id="378" room="43" start="132" weeks="1111111101111111"/>
    <class days="1010000" id="379" room="43" start="150" weeks="1111111101111111"/>
    <class days="0010100" id="380" room="43" start="114" weeks="1111111101111111"/>
    <class days="1010000" id="381" room="41" start="132" weeks="1111111101111111"/>
    <class days="1010000" id="382" room="41" start="96" weeks="1111111101111111"/>
    <class days="0101000" id="383" room="33" start="168" weeks="1111111101111111"/>
    <class days="0101000" id="384" room="43" start="114" weeks="1111111101111111"/>
    <class days="0010100" id="385" room="42" start="96" weeks="1111111101111111"/>
    <class days="0101000" id="386" room="43" start="150" weeks="1111111101111111"/>
    <class days="0101000" id="387" room="41" start="168" weeks="1111111101111111"/>
    <class days="0101000" id="388" room="33" start="96" weeks="1111111101111111"/>
    <class days="0010100" id="389" room="14" start="114" weeks="1111111101111111"/>
    <class days="0001000" id="390" room="66" start="216" weeks="0000000011111111"/>
    <class days="0101000" id="391" room="26" start="150" weeks="1111111101111111"/>
    <class days="0101000" id="392" room="75" start="114" weeks="1111111101111111"/>
    <class days="0101000" id="393" room="32" start="168" weeks="1111111101111111"/>
    <class days="1010000" id="394" room="40" start="96" weeks="1111111101111111"/>
    <class days="0101000" id="395" room="40" start="114" weeks="1111111101111111"/>
    <class days="1010000" id="396" room="40" start="186" weeks="1111111101111111"/>
    <class days="0101000" id="397" room="40" start="186" weeks="1111111101111111"/>
    <class days="0101000" id="398" room="4" start="132" weeks="1111111101111111"/>
    <class days="0010100" id="399" room="75" start="132" weeks="1111111101111111"/>
    <class days="1010000" id="400" room="33" start="168" weeks="1111111101111111"/>
    <class days="0101000" id="401" room="44" start="114" weeks="1111111101111111"/>
    <class days="0101000" id="402" room="44" start="132" weeks="1111111101111111"/>
    <class days="0101000" id="403" room="43" start="168" weeks="1111111101111111"/>
    <class days="1010000" id="404" room="21" start="96" weeks="1111111101111111"/>
    <class days="0101000" id="405" room="78" start="114" weeks="1111111101111111"/>
    <class days="0010100" id="406" room="12" start="114" weeks="1111111101111111"/>
    <class days="0010100" id="407" room="9" start="114" weeks="1111111101111111"/>
    <class days="1010000" id="408" room="5" start="150" weeks="1111111101111111"/>
    <class days="0101000" id="409" room="16" start="150" weeks="1111111101111111"/>
    <class days="0001000" id="410" room="9" start="216" weeks="1111111100000000"/>
    <class days="0101000" id="411" room="27" start="186" weeks="1111111101111111"/>
    <class days="0100000" id="412" room="15" start="216" weeks="0000000011111111"/>
    <class days="0101000" id="413" room="13" start="114" weeks="1111111101111111"/>
    <class days="0101000" id="414" room="20" start="132" weeks="1111111101111111"/>
    <class days="0010000" id="415" room="13" start="216" weeks="1111111100000000"/>
    <class days="0100000" id="416" room="16" start="216" weeks="1111111100000000"/>
    <class days="0101000" id="417" room="32" start="150" weeks="1111111101111111"/>
    <class days="1010000" id="418" room="27" start="168" weeks="1111111101111111"/>
    <class days="1000000" id="419" room="38" start="96" weeks="1111111101111111"/>
    <class days="1000000" id="420" room="9" start="216" weeks="0000000011111111"/>
    <class days="0010000" id="421" room="20" start="216" weeks="1111111100000000"/>
    <class days="0010100" id="422" room="10" start="96" weeks="1111111101111111"/>
    <class days="0001000" id="423" room="6" start="216" weeks="0000000011111111"/>
    <class days="1010000" id="424" room="21" start="114" weeks="1111111101111111"/>
    <class days="0101000" id="425" room="18" start="132" weeks="1111111101111111"/>
    <class days="1010000" id="426" room="79" start="132" weeks="1111111101111111"/>
    <class days="0000100" id="427" room="72" start="96" weeks="1111111101110111"/>
    <class days="0101000" id="428" room="6" start="168" weeks="1111111101111111"/>
    <class days="1010000" id="429" room="71" start="114" weeks="1111111101111111"/>
    <class days="1010000" id="430" room="19" start="150" weeks="1111111101111111"/>
    <class days="0101000" id="431" room="19" start="150" weeks="1111111101111111"/>
    <class days="1010000" id="432" room="19" start="96" weeks="1111111101111111"/>
    <class days="0101000" id="433" room="7" start="132" weeks="1111111101111111"/>
    <class days="0010100" id="434" room="10" start="132" weeks="1111111101111111"/>
    <class days="0101000" id="435" room="9" start="96" weeks="1111111101111111"/>
    <class days="0001000" id="436" room="11" start="216" weeks="1010101010101010"/>
    <class days="1010000" id="437" room="12" start="150" weeks="1111111101111111"/>
    <class days="1010000" id="438" room="8" start="150" weeks="1111111101111111"/>
    <class days="0101000" id="439" room="12" start="150" weeks="1111111101111111"/>
    <class days="0010100" id="440" room="15" start="96" weeks="1111111101111111"/>
    <class days="1010100" id="441" room="2" start="108" weeks="1111111101111111"/>
    <class days="1010100" id="442" room="15" start="132" weeks="1111111101111111"/>
    <class days="1010100" id="443" room="11" start="96" weeks="1111111101111111"/>
    <class days="0010100" id="444" room="40" start="114" weeks="1111111101111111"/>
    <class days="0101000" id="445" room="40" start="168" weeks="1111111101111111"/>
    <class days="1010000" id="446" room="40" start="132" weeks="1111111101111111"/>
    <class days="0101000" id="447" room="13" start="96" weeks="1111111101111111"/>
    <class days="0101000" id="448" room="32" start="132" weeks="1111111101111111"/>
    <class days="0101000" id="449" room="75" start="96" weeks="1111111101111111"/>
    <class days="1010100" id="450" room="3" start="144" weeks="1111111101111111"/>
    <class days="1010000" id="451" room="32" start="168" weeks="1111111101111111"/>
    <class days="0010100" id="452" room="75" start="114" weeks="1111111101111111"/>
    <class days="0010100" id="453" room="75" start="96" weeks="1111111101111111"/>
    <class days="1010100" id="454" room="5" start="96" weeks="1111111101111111"/>
    <class days="1010000" id="455" room="4" start="96" weeks="1111111101111111"/>
    <class days="0101000" id="456" room="12" start="132" weeks="1111111101111111"/>
    <class days="0101000" id="457" room="42" start="96" weeks="1111111101111111"/>
    <class days="0101000" id="458" room="26" start="96" weeks="1111111101111111"/>
    <class days="0101000" id="459" room="31" start="114" weeks="1111111101111111"/>
    <class days="0101000" id="460" room="27" start="132" weeks="1111111101111111"/>
    <class days="1010000" id="461" room="24" start="114" weeks="1111111101111111"/>
    <class days="0010100" id="462" room="24" start="132" weeks="1111111101111111"/>
    <class days="1010000" id="463" room="24" start="168" weeks="1111111101111111"/>
    <class days="1000000" id="464" room="15" start="216" weeks="1111111100000000"/>
    <class days="0010000" id="465" room="5" start="216" weeks="0000000011111111"/>
    <class days="1000000" id="466" room="9" start="216" weeks="1111111100000000"/>
    <class days="0101000" id="467" room="24" start="150" weeks="1111111101111111"/>
    <class days="0001000" id="468" room="15" start="216" weeks="0000000011111111"/>
    <class days="0101000" id="469" room="5" start="168" weeks="1111111101111111"/>
    <class days="0101000" id="470" room="28" start="150" weeks="1111111101111111"/>
    <class days="0001000" id="471" room="1" start="216" weeks="1111111100000000"/>
    <class days="0010000" id="472" room="24" start="216" weeks="0000000011111111"/>
    <class days="0100000" id="473" room="31" start="216" weeks="0000000011111111"/>
    <class days="0001000" id="474" room="27" start="216" weeks="0000000011111111"/>
    <class days="0001000" id="475" room="24" start="216" weeks="0000000011111111"/>
    <class days="0010000" id="476" room="24" start="216" weeks="1111111100000000"/>
    <class days="0100000" id="477" room="9" start="216" weeks="0000000011111111"/>
    <class days="1010000" id="478" room="42" start="150" weeks="1111111101111111"/>
    <class days="0001000" id="479" room="8" start="216" weeks="1111111101111111"/>
    <class days="0101000" id="480" room="3" start="186" weeks="1111111101111111"/>
    <class days="0101000" id="481" room="20" start="96" weeks="1111111101111111"/>
    <class days="0101000" id="482" room="11" start="150" weeks="1111111101111111"/>
    <class days="0010000" id="483" room="11" start="216" weeks="1111111101111111"/>
    <class days="1010000" id="484" room="7" start="114" weeks="1111111101111111"/>
    <class days="1010000" id="485" room="9" start="132" weeks="1111111101111111"/>
    <class days="0010000" id="486" room="9" start="216" weeks="1111111101111111"/>
    <class days="0101000" id="487" room="8" start="168" weeks="1111111101111111"/>
    <class days="0010100" id="488" room="16" start="96" weeks="1111111101111111"/>
    <class days="0101000" id="489" room="33" start="114" weeks="1111111101111111"/>
    <class days="1010000" id="490" room="14" start="96" weeks="1111111101111111"/>
    <class days="1010000" id="491" room="41" start="150" weeks="1111111101111111"/>
    <class days="0001000" id="492" room="42" start="216" weeks="1111111101111111"/>
    <class days="1010100" id="493" room="3" start="132" weeks="1111111101111111"/>
    <class days="1010000" id="494" room="1" start="168" weeks="1111111101111111"/>
    <class days="0010100" id="495" room="2" start="132" weeks="1111111101111111"/>
    <class days="0101000" id="496" room="3" start="114" weeks="1111111101111111"/>
    <class days="0010100" id="497" room="35" start="132" weeks="1111111101111111"/>
    <class days="1010000" id="498" room="33" start="114" weeks="1111111101111111"/>
    <class days="0101000" id="499" room="42" start="132" weeks="1111111101111111"/>
    <class days="0101000" id="500" room="31" start="150" weeks="1111111101111111"/>
    <class days="0001000" id="501" room="31" start="168" weeks="1111111101111111"/>
    <class days="1010000" id="502" room="8" start="168" weeks="1111111101111111"/>
    <class days="1010000" id="503" room="12" start="168" weeks="1111111101111111"/>
    <class days="0100000" id="504" room="11" start="216" weeks="0000000011111111"/>
    <class days="0101000" id="505" room="7" start="114" weeks="1111111101111111"/>
    <class days="0001000" id="506" room="13" start="216" weeks="0000000011111111"/>
    <class days="0100000" id="507" room="32" start="216" weeks="1111111100000000"/>
    <class days="1000000" id="508" room="16" start="216" weeks="0000000011111111"/>
    <class days="0010000" id="509" room="27" start="216" weeks="0000000011111111"/>
    <class days="1000000" id="510" room="28" start="216" weeks="1111111100000000"/>
    <class days="1010100" id="511" room="11" start="108" weeks="1111111101111111"/>
    <class days="0101000" id="512" room="6" start="150" weeks="1111111101111111"/>
    <class days="1010000" id="513" room="21" start="150" weeks="1111111101111111"/>
    <class days="1000000" id="514" room="3" start="168" weeks="1111111101111111"/>
    <class days="1010000" id="515" room="6" start="96" weeks="1111111101111111"/>
    <class days="0101000" id="516" room="13" start="168" weeks="1111111101111111"/>
    <class days="0010100" id="517" room="9" start="96" weeks="1111111101111111"/>
    <class days="0001000" id="518" room="9" start="216" weeks="0000000011111111"/>
    <class days="1010000" id="519" room="10" start="114" weeks="1111111101111111"/>
    <class days="0010000" id="520" room="3" start="216" weeks="0000000011111111"/>
    <class days="0100000" id="521" room="69" start="210" weeks="0000000011111111"/>
    <class days="0101000" id="522" room="75" start="150" weeks="1111111101111111"/>
    <class days="1000000" id="523" room="75" start="132" weeks="1111111101111111"/>
    <class days="0000100" id="524" room="75" start="222" weeks="1111111100000000"/>
    <class days="0101000" id="525" room="80" start="114" weeks="1111111101111111"/>
    <class days="0101000" id="526" room="72" start="222" weeks="1111111101111111"/>
    <class days="0000001" id="527" room="72" start="228" weeks="1111111101110111"/>
    <class days="1010000" id="528" room="75" start="222" weeks="1111111101111111"/>
    <class days="0001000" id="529" room="75" start="216" weeks="1111111101111111"/>
    <class days="1010000" id="530" room="75" start="168" weeks="1111111101111111"/>
    <class days="1000000" id="531" room="75" start="96" weeks="1111111101111111"/>
    <class days="0101000" id="532" room="81" start="132" weeks="1111111101111111"/>
    <class days="1010000" id="533" room="72" start="168" weeks="1111111101111111"/>
    <class days="0100000" id="534" room="75" start="216" weeks="1111111101111111"/>
    <class days="1010000" id="535" room="72" start="150" weeks="1111111101111111"/>
    <class days="0010000" id="536" room="72" start="216" weeks="1111111101111111"/>
    <class days="0101000" id="537" room="82" start="114" weeks="1111111101111111"/>
    <class days="1010000" id="538" room="75" start="150" weeks="1111111101111111"/>
    <class days="0101000" id="539" room="80" start="132" weeks="1111111101111111"/>
    <class days="0010000" id="540" room="80" start="168" weeks="1111111101111111"/>
    <class days="1000000" id="541" room="72" start="114" weeks="1111111101111111"/>
    <class days="0010000" id="542" room="72" start="114" weeks="1111111101111111"/>
    <class days="0101000" id="543" room="72" start="150" weeks="1111111101111111"/>
    <class days="1010100" id="544" room="72" start="132" weeks="1111111101111111"/>
    <class days="1000000" id="545" room="15" start="96" weeks="1111111101111111"/>
    <class days="1000000" id="546" room="72" start="216" weeks="1111111101111111"/>
    <class days="0010000" id="547" room="65" start="216" weeks="1111111101111111"/>
    <class days="0010000" id="548" room="3" start="168" weeks="1111111101111111"/>
    <class days="0000100" id="549" room="2" start="228" weeks="1111111101110111"/>
    <class days="0000100" id="550" start="228" weeks="1111111101110111"/>
    <class days="0010000" id="551" room="17" start="168" weeks="1111111101111111"/>
    <class days="0001000" id="552" room="21" start="96" weeks="1111111101111111"/>
    <class days="0100000" id="553" room="4" start="168" weeks="1111111101111111"/>
    <class days="0100000" id="554" start="168" weeks="1111111101111111"/>
    <class days="0000100" id="555" start="84" weeks="1111111101110111"/>
    <class days="0000100" id="556" start="84" weeks="1111111101110111"/>
    <class days="0000100" id="557" start="156" weeks="1111111101110111"/>
    <class days="0000100" id="558" start="156" weeks="1111111101110111"/>
    <class days="0000100" id="559" start="84" weeks="1111111101110111"/>
    <class days="0000100" id="560" start="84" weeks="1111111101110111"/>
    <class days="0000100" id="561" start="156" weeks="1111111101110111"/>
    <class days="0000100" id="562" start="156" weeks="1111111101110111"/>
    <class days="1000000" id="563" room="43" start="96" weeks="1111111101111111"/>
    <class days="0010000" id="564" room="43" start="168" weeks="1111111101111111"/>
    <class days="0000100" id="565" room="43" start="96" weeks="1111111101110111"/>
    <class days="0000100" id="566" room="43" start="132" weeks="1111111101110111"/>
    <class days="0010000" id="567" room="43" start="96" weeks="1111111101111111"/>
    <class days="1000000" id="568" room="43" start="168" weeks="1111111101111111"/>
    <class days="1000000" id="569" room="89" start="114" weeks="1111111101111111"/>
    <class days="0010000" id="570" room="89" start="150" weeks="1111111101111111"/>
    <class days="0000100" id="571" room="89" start="114" weeks="1111111101110111"/>
    <class days="0000100" id="572" room="89" start="150" weeks="1111111101110111"/>
    <class days="0010000" id="573" room="89" start="114" weeks="1111111101111111"/>
    <class days="1000000" id="574" room="89" start="150" weeks="1111111101111111"/>
    <class days="0100000" id="575" room="14" start="204" weeks="1111111101111111"/>
    <class days="0100000" id="576" start="204" weeks="1111111101111111"/>
    <class days="1000000" id="577" room="43" start="216" weeks="1111111100000000"/>
    <class days="0001000" id="578" room="43" start="216" weeks="1111111100000000"/>
    <class days="0010000" id="579" room="43" start="216" weeks="1111111100000000"/>
    <class days="0000010" id="580" room="43" start="96" weeks="1111111100000000"/>
    <class days="0000010" id="581" room="43" start="156" weeks="1111111100000000"/>
    <class days="1000000" id="582" room="89" start="240" weeks="1111111100000000"/>
    <class days="0001000" id="583" room="89" start="240" weeks="1111111100000000"/>
    <class days="0010000" id="584" room="89" start="240" weeks="1111111100000000"/>
    <class days="0000010" id="585" room="89" start="120" weeks="1111111100000000"/>
    <class days="0000010" id="586" room="89" start="180" weeks="1111111100000000"/>
    <class days="0100000" id="587" room="21" start="168" weeks="1111111101111111"/>
    <class days="0010000" id="588" start="108" weeks="0011111111100000"/>
    <class days="0010000" id="589" start="108" weeks="0011111111100000"/>
    <class days="0010000" id="590" start="108" weeks="0011111111100000"/>
    <class days="0101000" id="591" room="33" start="132" weeks="1111111101111111"/>
    <class days="0000100" id="592" start="84" weeks="0011111111111111"/>
    <class days="0000100" id="593" start="84" weeks="0011111111111111"/>
    <class days="0000100" id="594" start="84" weeks="0011111111111111"/>
    <class days="0100000" id="595" room="21" start="96" weeks="1111111101111111"/>
    <class days="0100000" id="596" room="17" start="168" weeks="1111111101111111"/>
    <class days="0000100" id="597" room="21" start="96" weeks="1111111101110111"/>
    <class days="0010000" id="598" start="84" weeks="0111111111111111"/>
    <class days="0010000" id="599" start="84" weeks="0111111111111111"/>
    <class days="0010000" id="600" start="84" weeks="0111111111111111"/>
    <class days="0010000" id="601" start="84" weeks="0111111111111111"/>
    <class days="0010000" id="602" start="84" weeks="0111111111111111"/>
    <class days="0010000" id="603" start="180" weeks="0111111111111111"/>
    <class days="0010000" id="604" start="180" weeks="0111111111111111"/>
    <class days="1000000" id="605" start="84" weeks="0000011111111111"/>
    <class days="1000000" id="606" start="84" weeks="0000011111111111"/>
    <class days="1000000" id="607" start="84" weeks="0000011111111111"/>
    <class days="0000100" id="608" room="21" start="168" weeks="1111111101110111"/>
    <class days="0001000" id="609" room="19" start="96" weeks="1111111101111111"/>
    <class days="1000000" id="610" start="84" weeks="1111111101111111"/>
    <class days="1000000" id="611" start="84" weeks="1111111101111111"/>
    <class days="1000000" id="612" start="84" weeks="1111111101111111"/>
    <class days="1000000" id="613" start="84" weeks="1111111101111111"/>
    <class days="1000000" id="614" start="84" weeks="1111111101111111"/>
    <class days="1000000" id="615" start="84" weeks="1111111101111111"/>
    <class days="1000000" id="616" start="180" weeks="1111111101111111"/>
    <class days="0001000" id="617" room="14" start="168" weeks="1111111101111111"/>
    <class days="0001000" id="618" start="168" weeks="1111111101111111"/>
    <class days="1000000" id="619" room="43" start="216" weeks="0000000011111111"/>
    <class days="0010000" id="620" room="43" start="216" weeks="0000000011111111"/>
    <class days="0001000" id="621" room="43" start="216" weeks="0000000011111111"/>
    <class days="0000010" id="622" room="43" start="96" weeks="0000000011110111"/>
    <class days="0000010" id="623" room="43" start="156" weeks="0000000011110111"/>
    <class days="1000000" id="624" room="16" start="96" weeks="0111100000000000"/>
    <class days="1000000" id="625" start="96" weeks="0111100000000000"/>
    <class days="1000000" id="626" room="89" start="240" weeks="0000000011111111"/>
    <class days="0010000" id="627" room="89" start="240" weeks="0000000011111111"/>
    <class days="0001000" id="628" room="89" start="240" weeks="0000000011111111"/>
    <class days="0000010" id="629" room="89" start="120" weeks="0000000011110111"/>
    <class days="0000010" id="630" room="89" start="180" weeks="0000000011110111"/>
    <class days="0100000" id="631" room="89" start="120" weeks="0111100000000000"/>
    <class days="0001000" id="632" room="89" start="120" weeks="0111100000000000"/>
    <class days="0000100" id="633" room="14" start="228" weeks="1111111101110111"/>
    <class days="0000100" id="634" start="228" weeks="1111111101110111"/>
    <class days="1000000" id="635" room="20" start="168" weeks="1111111101111111"/>
    <class days="1000000" id="636" start="84" weeks="1111111101111111"/>
    <class days="1000000" id="637" start="84" weeks="1111111101111111"/>
    <class days="0100000" id="638" start="84" weeks="1111111101111111"/>
    <class days="0100000" id="639" start="84" weeks="1111111101111111"/>
    <class days="0010000" id="640" start="84" weeks="1111111101111111"/>
    <class days="0010000" id="641" start="84" weeks="1111111101111111"/>
    <class days="0001000" id="642" start="84" weeks="1111111101111111"/>
    <class days="0000100" id="643" start="84" weeks="1111111101110111"/>
    <class days="0100000" id="644" start="96" weeks="0011111111111111"/>
    <class days="0100000" id="645" start="96" weeks="0011111111111111"/>
    <class days="0100000" id="646" start="96" weeks="0011111111111111"/>
    <class days="0001000" id="647" room="14" start="216" weeks="1111111101111111"/>
    <class days="0001000" id="648" start="216" weeks="1111111101111111"/>
    <class days="0000010" id="649" start="84" weeks="1111111101110111"/>
    <class days="0000010" id="650" start="84" weeks="1111111101110111"/>
    <class days="0000010" id="651" start="84" weeks="1111111101110111"/>
    <class days="0000010" id="652" start="84" weeks="1111111101110111"/>
    <class days="0000001" id="653" start="84" weeks="1111111101110111"/>
    <class days="0000001" id="654" start="84" weeks="1111111101110111"/>
    <class days="0000001" id="655" start="84" weeks="1111111101110111"/>
    <class days="0000001" id="656" start="84" weeks="1111111101110111"/>
    <class days="0100000" id="657" room="14" start="168" weeks="1111111101111111"/>
    <class days="0100000" id="658" start="168" weeks="1111111101111111"/>
    <class days="0000100" id="659" room="16" start="168" weeks="1111111101110111"/>
    <class days="1000000" id="660" room="14" start="168" weeks="1111111101111111"/>
    <class days="0100000" id="661" room="19" start="96" weeks="1111111101111111"/>
    <class days="0010000" id="662" room="16" start="168" weeks="1111111101111111"/>
    <class days="0000010" id="663" start="84" weeks="1111111101110111"/>
    <class days="0000010" id="664" start="84" weeks="1111111101110111"/>
    <class days="0000010" id="665" start="84" weeks="1111111101110111"/>
    <class days="0000010" id="666" start="84" weeks="1111111101110111"/>
    <class days="0000010" id="667" start="84" weeks="1111111101110111"/>
    <class days="0000010" id="668" start="84" weeks="1111111101110111"/>
    <class days="0000010" id="669" start="84" weeks="1111111101110111"/>
    <class days="0000100" id="670" room="28" start="96" weeks="1111111101110111"/>
    <class days="0000100" id="671" room="17" start="96" weeks="1111111101110111"/>
    <class days="0001000" id="672" room="16" start="234" weeks="1111111100000000"/>
    <class days="1000000" id="673" room="19" start="234" weeks="1111111101111111"/>
    <class days="0001000" id="674" start="228" weeks="1111111101111111"/>
    <class days="1000000" id="675" room="20" start="204" weeks="1111111101111111"/>
    <class days="0001000" id="676" room="16" start="204" weeks="1111111101111111"/>
    <class days="0010000" id="677" room="42" start="204" weeks="1111111101111111"/>
    <class days="0001000" id="678" start="192" weeks="1111111101111111"/>
    <class days="0001000" id="679" start="192" weeks="1111111101111111"/>
    <class days="0010000" id="680" room="41" start="234" weeks="1111111101111111"/>
    <class days="0010000" id="681" start="234" weeks="1111111101111111"/>
    <class days="0001000" id="682" start="228" weeks="1111111101111111"/>
    <class days="0001000" id="683" start="228" weeks="1111111101111111"/>
    <class days="0001000" id="684" start="228" weeks="1111111101111111"/>
    <class days="0001000" id="685" start="228" weeks="1111111101111111"/>
    <class days="0001000" id="686" start="228" weeks="1111111101111111"/>
    <class days="1000000" id="687" room="42" start="114" weeks="1111111101111111"/>
    <class days="0000100" id="688" room="41" start="114" weeks="1111111101110111"/>
    <class days="0100000" id="689" room="6" start="96" weeks="1111111101111111"/>
    <class days="1000000" id="690" room="44" start="168" weeks="1111111101111111"/>
    <class days="1000000" id="691" room="44" start="150" weeks="1111111101111111"/>
    <class days="0000100" id="692" room="14" start="186" weeks="1111111101110111"/>
    <class days="0101000" id="693" room="17" start="132" weeks="1111111101111111"/>
    <class days="0000100" id="694" start="186" weeks="1111111101110111"/>
    <class days="1010000" id="695" room="18" start="150" weeks="1111111101111111"/>
    <class days="1000000" id="696" room="93" start="114" weeks="1111111101111111"/>
    <class days="0010000" id="697" room="93" start="114" weeks="1111111101111111"/>
    <class days="0101000" id="698" room="90" start="96" weeks="1111111101111111"/>
    <class days="0101000" id="699" room="90" start="132" weeks="1111111101111111"/>
    <class days="1010000" id="700" room="18" start="96" weeks="1111111101111111"/>
    <class days="0010000" id="701" room="94" start="114" weeks="1111111101111111"/>
    <class days="1000000" id="702" room="94" start="114" weeks="1111111101111111"/>
    <class days="0101000" id="703" room="14" start="150" weeks="1111111101111111"/>
    <class days="0100000" id="704" room="92" start="114" weeks="1111111101111111"/>
    <class days="0001000" id="705" room="92" start="114" weeks="1111111101111111"/>
    <class days="0101000" id="706" room="18" start="150" weeks="1111111101111111"/>
    <class days="0001000" id="707" room="94" start="168" weeks="1111111101111111"/>
    <class days="0100000" id="708" room="94" start="168" weeks="1111111101111111"/>
    <class days="0101000" id="709" room="14" start="114" weeks="1111111101111111"/>
    <class days="0100000" id="710" room="92" start="144" weeks="1111111101111111"/>
    <class days="0001000" id="711" room="93" start="144" weeks="1111111101111111"/>
    <class days="0101000" id="712" room="17" start="96" weeks="1111111101111111"/>
    <class days="0101000" id="713" room="18" start="168" weeks="1111111101111111"/>
    <class days="1010000" id="714" room="93" start="168" weeks="1111111101111111"/>
    <class days="1010000" id="715" room="90" start="168" weeks="1111111101111111"/>
    <class days="1010000" id="716" room="95" start="168" weeks="1111111101111111"/>
    <class days="1010000" id="717" room="91" start="168" weeks="1111111101111111"/>
    <class days="1000000" id="718" room="16" start="132" weeks="1111111101111111"/>
    <class days="0101000" id="719" room="7" start="168" weeks="1111111101111111"/>
    <class days="1010000" id="720" room="17" start="96" weeks="1111111101111111"/>
    <class days="0000100" id="721" room="18" start="96" weeks="1111111101110111"/>
    <class days="1010000" id="722" room="32" start="132" weeks="1111111101111111"/>
    <class days="0001000" id="723" room="73" start="168" weeks="1111111101111111"/>
    <class days="1010000" id="724" room="6" start="150" weeks="1111111101111111"/>
    <class days="0101000" id="725" room="15" start="114" weeks="1111111101111111"/>
    <class days="1010000" id="726" room="8" start="132" weeks="1111111101111111"/>
    <class days="1010000" id="727" room="11" start="168" weeks="1111111101111111"/>
    <class days="0101000" id="728" room="9" start="186" weeks="1111111101111111"/>
    <class days="0010000" id="729" room="12" start="216" weeks="1111111100000000"/>
    <class days="0101000" id="730" room="75" start="168" weeks="1111111101111111"/>
    <class days="0000100" id="731" room="19" start="96" weeks="1111111101110111"/>
    <class days="0100000" id="732" room="96" start="132" weeks="1111111101111111"/>
    <class days="0101000" id="733" room="78" start="174" weeks="1111111101111111"/>
    <class days="0101000" id="734" room="78" start="150" weeks="1111111101111111"/>
    <class days="0101000" id="735" room="96" start="96" weeks="1111111101111111"/>
    <class days="1010000" id="736" room="19" start="168" weeks="1111111101111111"/>
    <class days="1010000" id="737" room="78" start="180" weeks="1111111101111111"/>
    <class days="1010000" id="738" room="78" start="147" weeks="1111111101111111"/>
    <class days="0101000" id="739" room="19" start="132" weeks="1111111101111111"/>
    <class days="0101000" id="740" room="19" start="168" weeks="1111111101111111"/>
    <class days="1010000" id="741" room="96" start="96" weeks="1111111101111111"/>
    <class days="1010000" id="742" room="96" start="150" weeks="1111111101111111"/>
    <class days="0101000" id="743" room="96" start="147" weeks="1111111101111111"/>
    <class days="0000100" id="744" room="96" start="96" weeks="1111111101110111"/>
    <class days="0000100" id="745" room="96" start="132" weeks="1111111101110111"/>
    <class days="1000000" id="746" room="19" start="114" weeks="1111111101111111"/>
    <class days="0010000" id="747" room="19" start="114" weeks="1111111101111111"/>
    <class days="0001000" id="748" room="77" start="96" weeks="1111100000000000"/>
    <class days="1010000" id="749" room="78" start="96" weeks="1111100000000000"/>
    <class days="1010000" id="750" room="77" start="96" weeks="0000011111100000"/>
    <class days="0100000" id="751" room="77" start="108" weeks="0000011111100000"/>
    <class days="0001000" id="752" room="77" start="96" weeks="0000011111100000"/>
    <class days="1010000" id="753" room="77" start="96" weeks="0000000000011111"/>
    <class days="1010000" id="754" room="96" start="132" weeks="1111111101111111"/>
    <class days="0101000" id="755" room="39" start="168" weeks="1111111101111111"/>
    <class days="0100000" id="756" room="39" start="96" weeks="1111111101111111"/>
    <class days="1010000" id="757" room="39" start="186" weeks="1111111101111111"/>
    <class days="0101000" id="758" room="39" start="132" weeks="1111111101111111"/>
    <class days="0010100" id="759" room="39" start="150" weeks="1111111101111111"/>
    <class days="1000000" id="760" room="39" start="96" weeks="1111111101111111"/>
    <class days="0010000" id="761" room="39" start="96" weeks="1111111101111111"/>
    <class days="0010000" id="762" room="39" start="204" weeks="1111111101111111"/>
    <class days="1000000" id="763" room="39" start="204" weeks="1111111101111111"/>
    <class days="1000000" id="764" room="39" start="132" weeks="1111111101111111"/>
    <class days="0000100" id="765" room="39" start="96" weeks="1111111101110111"/>
    <class days="1010000" id="766" room="39" start="168" weeks="1111111101111111"/>
    <class days="0101000" id="767" room="39" start="150" weeks="1111111101111111"/>
    <class days="0010100" id="768" room="39" start="132" weeks="1111111101111111"/>
    <class days="0101000" id="769" room="10" start="132" weeks="1111111101111111"/>
    <class days="0101000" id="770" room="10" start="114" weeks="1111111101111111"/>
    <class days="0101000" id="771" room="8" start="132" weeks="1111111101111111"/>
    <class days="0101000" id="772" room="16" start="96" weeks="1111111101111111"/>
    <class days="1010100" id="773" room="20" start="96" weeks="1111111101111111"/>
    <class days="0010100" id="774" room="16" start="132" weeks="1111111101111111"/>
    <class days="0101000" id="775" room="16" start="168" weeks="1111111101111111"/>
    <class days="1010000" id="776" room="16" start="150" weeks="1111111101111111"/>
    <class days="0100000" id="777" room="12" start="216" weeks="1111111100000000"/>
    <class days="0101000" id="778" room="40" start="150" weeks="1111111101111111"/>
    <class days="1000000" id="779" room="5" start="132" weeks="1111111101111111"/>
    <class days="1010000" id="780" room="5" start="114" weeks="1111111101111111"/>
    <class days="0101000" id="781" room="15" start="150" weeks="1111111101111111"/>
    <class days="0101000" id="782" room="21" start="132" weeks="1111111101111111"/>
    <class days="1010000" id="783" room="8" start="114" weeks="1111111101111111"/>
    <class days="0101000" id="784" room="7" start="96" weeks="1111111101111111"/>
    <class days="0100000" id="785" room="6" start="216" weeks="0000000011111111"/>
    <class days="1010000" id="786" room="21" start="168" weeks="1111111101111111"/>
    <class days="0101000" id="787" room="9" start="132" weeks="1111111101111111"/>
    <class days="0101000" id="788" room="11" start="168" weeks="1111111101111111"/>
    <class days="1010000" id="789" room="6" start="132" weeks="1111111101111111"/>
    <class days="1010000" id="790" room="7" start="168" weeks="1111111101111111"/>
    <class days="1010100" id="791" room="6" start="120" weeks="1111111101111111"/>
    <class days="0101000" id="792" room="6" start="132" weeks="1111111101111111"/>
    <class days="1000000" id="793" room="16" start="216" weeks="1111111100000000"/>
    <class days="1010100" id="794" room="17" start="132" weeks="1111111101111111"/>
    <class days="1000000" id="795" room="8" start="216" weeks="0000000011111111"/>
    <class days="1010100" id="796" room="20" start="120" weeks="1111111101111111"/>
    <class days="0101000" id="797" room="31" start="96" weeks="1111111101111111"/>
    <class days="0101000" id="798" room="24" start="114" weeks="1111111101111111"/>
    <class days="1010000" id="799" room="24" start="150" weeks="1111111101111111"/>
    <class days="1010000" id="800" room="28" start="168" weeks="1111111101111111"/>
    <class days="1010000" id="801" room="28" start="150" weeks="1111111101111111"/>
    <class days="0010100" id="802" room="33" start="132" weeks="1111111101111111"/>
    <class days="0010100" id="803" room="42" start="114" weeks="1111111101111111"/>
    <class days="0001000" id="804" room="26" start="216" weeks="1010101010101010"/>
    <class days="0101000" id="805" room="44" start="96" weeks="1111111101111111"/>
    <class days="0101000" id="806" room="73" start="132" weeks="1111111101111111"/>
    <class days="0101000" id="807" room="3" start="150" weeks="1111111101111111"/>
    <class days="1010000" id="808" room="11" start="150" weeks="1111111101111111"/>
    <class days="0100000" id="809" room="62" start="216" weeks="1111111100000000"/>
    <class days="0001000" id="810" room="27" start="216" weeks="1111111100000000"/>
    <class days="1010000" id="811" room="26" start="132" weeks="1111111101111111"/>
    <class days="0101000" id="812" room="16" start="132" weeks="1111111101111111"/>
    <class days="1010000" id="813" room="13" start="132" weeks="1111111101111111"/>
    <class days="0101000" id="814" room="32" start="96" weeks="1111111101111111"/>
    <class days="0101000" id="815" room="73" start="114" weeks="1111111101111111"/>
    <class days="1010000" id="816" room="26" start="150" weeks="1111111101111111"/>
    <class days="1010000" id="817" room="15" start="186" weeks="1111111101111111"/>
    <class days="0010100" id="818" room="73" start="132" weeks="1111111101111111"/>
    <class days="1010000" id="819" room="73" start="168" weeks="1111111101111111"/>
    <class days="0100000" id="820" room="73" start="216" weeks="0101010101010101"/>
    <class days="0010000" id="821" room="73" start="96" weeks="1111111101111111"/>
    <class days="0101000" id="822" room="71" start="150" weeks="1111111101111111"/>
    <class days="1010000" id="823" room="71" start="168" weeks="1111111101111111"/>
    <class days="1010000" id="824" room="7" start="150" weeks="1111111101111111"/>
    <class days="0010000" id="825" room="71" start="204" weeks="1111111101111111"/>
    <class days="0100000" id="826" room="71" start="204" weeks="1111111101111111"/>
    <class days="0100000" id="827" room="42" start="204" weeks="1111111101111111"/>
    <class days="1000000" id="828" room="41" start="204" weeks="1111111101111111"/>
    <class days="0100000" id="829" room="71" start="234" weeks="1111111101111111"/>
    <class days="0001000" id="830" start="204" weeks="1111111101111111"/>
    <class days="0010000" id="831" room="71" start="234" weeks="1111111101111111"/>
    <class days="0010000" id="832" start="234" weeks="1111111101111111"/>
    <class days="0010000" id="833" room="33" start="234" weeks="1111111101111111"/>
    <class days="0010000" id="834" start="234" weeks="1111111101111111"/>
    <class days="0001000" id="835" room="28" start="234" weeks="1111111101111111"/>
    <class days="0001000" id="836" start="234" weeks="1111111101111111"/>
    <class days="1000000" id="837" room="71" start="204" weeks="1111111101111111"/>
    <class days="1000000" id="838" room="71" start="234" weeks="1111111101111111"/>
    <class days="0001000" id="839" room="71" start="204" weeks="1111111101111111"/>
    <class days="0010000" id="840" room="33" start="204" weeks="1111111101111111"/>
    <class days="0010000" id="841" room="23" start="216" weeks="0000000011111111"/>
    <class days="0010000" id="842" room="3" start="216" weeks="1111111100000000"/>
    <class days="1000000" id="843" room="32" start="216" weeks="0000000011111111"/>
    <class days="0010000" id="844" room="32" start="216" weeks="1111111100000000"/>
    <class days="0101000" id="845" room="8" start="114" weeks="1111111101111111"/>
    <class days="0101000" id="846" room="8" start="96" weeks="1111111101111111"/>
    <class days="1010100" id="847" room="15" start="144" weeks="1111111101111111"/>
    <class days="0101000" id="848" room="40" start="96" weeks="1111111101111111"/>
    <class days="0101000" id="849" room="10" start="168" weeks="1111111101111111"/>
    <class days="0101000" id="850" room="41" start="96" weeks="1111111101111111"/>
    <class days="0100000" id="851" room="27" start="216" weeks="1111111101111111"/>
    <class days="0001000" id="852" room="39" start="96" weeks="1111111101111111"/>
    <class days="1010000" id="853" room="12" start="96" weeks="1111111101111111"/>
    <class days="0101000" id="854" room="11" start="132" weeks="1111111101111111"/>
    <class days="0101000" id="855" room="11" start="186" weeks="1111111101111111"/>
    <class days="0001000" id="856" room="12" start="216" weeks="0000000011111111"/>
    <class days="1010000" id="857" room="9" start="168" weeks="1111111101111111"/>
    <class days="1010000" id="858" room="14" start="132" weeks="1111111101111111"/>
    <class days="0000100" id="859" room="33" start="96" weeks="1111111101110111"/>
    <class days="1000000" id="860" room="28" start="216" weeks="0000000011111111"/>
    <class days="0101000" id="861" room="28" start="114" weeks="1111111101111111"/>
    <class days="0101000" id="862" room="27" start="96" weeks="1111111101111111"/>
    <class days="0101000" id="863" room="26" start="132" weeks="1111111101111111"/>
    <class days="1010000" id="864" room="26" start="114" weeks="1111111101111111"/>
    <class days="1010000" id="865" room="28" start="132" weeks="1111111101111111"/>
    <class days="0010100" id="866" room="42" start="132" weeks="1111111101111111"/>
    <class days="0101000" id="867" room="28" start="168" weeks="1111111101111111"/>
    <class days="1010000" id="868" room="40" start="150" weeks="1111111101111111"/>
    <class days="0101000" id="869" room="41" start="222" weeks="1111111101111111"/>
    <class days="0101000" id="870" room="71" start="96" weeks="1111111101111111"/>
    <class days="1010000" id="871" room="71" start="96" weeks="1111111101111111"/>
    <class days="1010000" id="872" room="5" start="168" weeks="1111111101111111"/>
    <class days="0101000" id="873" room="25" start="150" weeks="1111111101111111"/>
    <class days="0101000" id="874" room="9" start="114" weeks="1111111101111111"/>
    <class days="1010000" id="875" room="15" start="114" weeks="1111111101111111"/>
    <class days="1010000" id="876" room="20" start="150" weeks="1111111101111111"/>
    <class days="1010000" id="877" room="15" start="168" weeks="1111111101111111"/>
    <class days="1010000" id="878" room="9" start="150" weeks="1111111101111111"/>
    <class days="0101000" id="879" room="20" start="114" weeks="1111111101111111"/>
    <class days="1000000" id="880" room="33" start="216" weeks="0000000011111111"/>
    <class days="0000100" id="881" room="44" start="96" weeks="1111111101110111"/>
    <class days="0010100" id="882" room="32" start="114" weeks="1111111101111111"/>
</solution>
