fes;time;f
1;46;2147484282
11;62;2147484281
15;62;2147484280
20;78;2147484279
27;78;2147484278
34;78;2147484275
36;93;2147484274
39;93;2147484273
44;93;2147484272
52;93;2147484271
54;93;2147484270
64;109;2147484267
71;109;2147484263
76;109;2147484261
77;109;2147484260
81;109;2147484256
86;125;2147484254
98;125;2147484251
102;125;2147484249
103;125;2147484247
110;140;2147484244
113;140;2147484243
120;140;2147484240
125;140;2147484237
126;140;2147484234
128;140;2147484233
130;140;2147484230
135;140;2147484229
138;156;2147484227
139;156;2147484225
143;156;2147484224
152;156;2147484223
155;156;2147484221
156;156;2147484219
162;156;2147484216
167;171;2147484215
168;171;2147484214
179;171;2147484213
181;171;2147484212
184;171;2147484208
189;171;2147484206
190;171;2147484204
197;187;2147484202
203;187;2147484201
209;187;2147484197
227;203;2147484195
229;203;2147484194
235;203;2147484193
236;203;2147484187
238;203;2147484186
240;218;2147484184
242;218;2147484181
248;218;2147484177
256;218;2147484176
263;218;2147484175
265;218;2147484173
267;218;2147484172
269;218;2147484169
283;234;2147484168
288;234;2147484167
292;234;2147484164
300;234;2147484163
302;234;2147484158
306;234;2147484156
307;250;2147484155
319;250;2147484154
323;250;2147484152
324;250;2147484150
328;250;2147484149
332;250;2147484146
335;250;2147484143
337;250;2147484142
339;250;2147484141
351;265;2147484140
366;265;2147484137
368;265;2147484136
375;265;2147484134
394;281;2147484133
395;281;2147484132
403;281;2147484131
409;281;2147484130
421;296;2147484126
431;296;2147484120
440;296;2147484117
449;296;2147484115
451;296;2147484110
454;312;2147484109
455;312;2147484108
456;312;2147484107
459;312;2147484106
460;312;2147484105
463;312;2147484103
464;312;2147484101
469;312;2147484099
470;312;2147484098
473;312;2147484097
474;312;2147484096
486;312;2147484095
488;328;2147484094
494;328;2147484093
498;328;2147484092
499;328;2147484091
504;328;2147484090
530;343;2147484089
549;343;2147484087
552;343;2147484085
558;343;2147484083
560;343;2147484082
565;359;2147484081
566;359;2147484080
567;359;2147484078
578;359;2147484077
579;359;2147484076
589;359;2147484075
601;375;2147484074
602;375;2147484073
611;375;2147484069
618;375;2147484068
629;375;2147484067
645;390;2147484063
649;390;2147484062
662;390;2147484061
665;390;2147484059
675;406;2147484058
676;406;2147484057
677;406;2147484056
684;406;2147484054
686;406;2147484053
688;406;2147484052
693;406;2147484051
697;421;2147484050
706;421;2147484049
716;421;2147484048
720;421;2147484047
721;421;2147484046
737;437;2147484045
739;437;2147484044
746;437;2147484043
764;437;2147484041
767;453;2147484040
775;453;2147484039
776;453;2147484038
791;453;2147484037
803;468;2147484036
806;468;2147484035
814;468;2147484034
816;468;2147484033
831;468;2147484031
836;484;2147484030
853;484;2147484029
859;484;2147484028
865;484;2147484026
873;500;2147484025
882;500;2147484024
889;500;2147484023
893;500;2147484022
897;500;2147484020
900;500;2147484019
916;515;2147484018
917;515;2147484017
927;515;2147484016
928;515;2147484015
947;531;2147484014
948;531;2147484011
955;531;2147484010
963;531;2147484009
978;546;2147484006
982;546;2147484005
989;546;2147484003
999;546;2147484002
1000;546;2147484001
1018;562;2147484000
1060;578;2147483999
1070;578;2147483998
1078;578;2147483997
1091;593;2147483996
1092;593;2147483995
1095;593;2147483994
1098;593;2147483993
1123;609;2147483991
1141;609;2147483987
1149;609;2147483985
1160;624;2147483982
1161;624;2147483981
1167;624;2147483980
1183;624;2147483979
1188;624;2147483977
1196;640;2147483976
1203;640;2147483975
1222;640;2147483974
1233;656;2147483973
1242;656;2147483971
1247;656;2147483970
1253;656;2147483969
1258;656;2147483964
1267;671;2147483963
1271;671;2147483962
1293;671;2147483960
1319;687;2147483959
1323;687;2147483954
1326;687;2147483953
1334;687;2147483952
1354;703;2147483951
1367;703;2147483950
1372;703;2147483949
1374;718;2147483948
1408;718;2147483947
1420;734;2147483946
1426;734;2147483945
1456;749;2147483944
1473;749;2147483943
1477;749;2147483942
1478;749;2147483941
1485;765;2147483940
1498;765;2147483939
1500;765;2147483938
1503;765;2147483937
1513;765;2147483935
1521;781;2147483934
1527;781;2147483933
1542;781;2147483932
1552;781;2147483931
1554;781;2147483930
1559;796;2147483929
1577;796;2147483928
1616;812;2147483927
1617;812;2147483926
1662;843;2147483925
1669;843;2147483923
1670;843;2147483922
1671;843;2147483920
1676;843;2147483919
1682;843;2147483917
1703;859;2147483915
1718;859;2147483914
1730;859;2147483913
1735;859;2147483912
1744;874;2147483911
1747;874;2147483910
1751;874;2147483909
1758;874;2147483908
1773;874;2147483907
1782;890;2147483906
1795;890;2147483905
1817;906;2147483904
1838;906;2147483903
1845;906;2147483902
1852;921;2147483901
1873;921;2147483900
1878;921;2147483899
1896;937;2147483898
1899;937;2147483897
1913;937;2147483896
1922;953;2147483894
1937;953;2147483893
1946;953;2147483892
1961;968;2147483891
1990;968;2147483890
2009;984;2147483889
2015;984;2147483888
2032;984;2147483887
2065;999;2147483885
2071;1015;2147483884
2087;1015;2147483883
2093;1015;2147483882
2096;1015;2147483880
2123;1031;2147483877
2134;1031;2147483875
2136;1031;2147483874
2156;1046;2147483873
2171;1046;2147483872
2176;1046;2147483871
2195;1062;2147483870
2211;1062;2147483868
2227;1077;2147483867
2293;1093;2147483866
2321;1109;2147483864
2330;1109;2147483863
2341;1124;2147483862
2350;1124;2147483861
2352;1124;2147483860
2359;1124;2147483859
2428;1156;2147483858
2429;1156;2147483857
2431;1156;2147483856
2453;1171;2147483854
2457;1171;2147483853
2474;1171;2147483852
2489;1187;2147483850
2492;1187;2147483849
2504;1187;2147483848
2526;1202;2147483847
2528;1202;2147483846
2542;1202;2147483845
2543;1202;2147483844
2570;1218;2147483842
2576;1218;2147483841
2613;1234;2147483840
2615;1234;2147483839
2619;1234;2147483838
2621;1234;2147483837
2672;1265;2147483836
2680;1265;2147483835
2726;1281;2147483834
2729;1281;2147483833
2731;1281;2147483832
2760;1296;2147483831
2785;1312;2147483830
2837;1327;2147483829
2847;1343;2147483828
2867;1343;2147483827
2872;1343;2147483826
2900;1359;2147483825
2904;1359;2147483824
2909;1359;2147483823
2933;1374;2147483822
2950;1374;2147483821
2967;1390;2147483820
3028;1406;2147483819
3039;1421;2147483818
3049;1421;2147483817
3064;1421;2147483816
3066;1421;2147483815
3143;1452;2147483814
3180;1468;2147483813
3207;1484;2147483812
3243;1499;2147483811
3309;1531;2147483810
3389;1562;2147483808
3392;1562;2147483807
3448;1577;2147483805
3464;1593;2147483804
3486;1593;2147483803
3529;1624;2147483802
3570;1640;2147483800
3584;1640;2147483799
3621;1655;2147483798
3655;1671;2147483797
3704;1687;2147483796
3733;1702;2147483795
3767;1718;2147483794
3789;1718;2147483793
3912;1780;2147483792
4076;1843;2147483791
4084;1843;2147483790
4103;1859;2147483789
4161;1874;2147483788
4194;1890;2147483787
4333;1952;2147483785
4343;1952;2147483784
4356;1952;2147483783
4422;1984;2147483782
4442;1999;2147483781
4541;2030;2147483780
4549;2030;2147483779
4589;2046;2147483778
4647;2071;2147483777
4812;2149;2147483776
4822;2149;2147483775
4844;2165;2147483774
4862;2165;2147483773
4875;2165;2147483772
4902;2180;2147483771
4929;2196;2147483770
4954;2212;2147483769
5077;2258;2147483768
5136;2274;2147483767
5321;2352;2147483766
5565;2464;2147483765
5625;2480;2147483764
5649;2495;2147483763
5669;2495;2147483762
5678;2511;2147483761
5778;2542;2147483760
5801;2558;2147483759
6123;2683;2147483758
6158;2698;2147483757
6169;2714;2147483756
6251;2745;2147483755
6253;2745;2147483754
6393;2808;2147483753
6477;2839;2147483752
6574;2870;2147483751
6670;2917;2147483750
6715;2933;2147483749
6823;2979;2147483748
7042;3073;2147483747
7147;3104;2147483746
7327;3183;2147483745
7453;3229;2147483744
7474;3245;2147483743
7598;3292;2147483742
7677;3323;2147483741
7966;3448;2147483740
8047;3479;2147483739
8077;3495;2147483738
8373;3604;2147483737
8422;3636;2147483736
8499;3667;2147483735
8809;3792;2147483734
8994;3885;2147483733
9237;3979;2147483732
9274;3995;2147483731
9339;4026;2147483730
9452;4073;2147483729
9613;4135;2147483728
9729;4182;2147483727
9886;4245;2147483726
9907;4260;2147483725
9924;4260;2147483724
29783;12311;2147483723
30006;12406;2147483722
30078;12438;2147483721
30107;12438;2147483720
30380;12547;2147483719
30382;12547;2147483718
30813;12735;2147483717
30968;12797;2147483716
30983;12797;2147483715
31004;12813;2147483714
31453;12984;2147483713
32040;13234;2147483712
32267;13313;2147483711
32437;13391;2147483710
32558;13437;2147483709
32584;13453;2147483708
33116;13672;2147483707
33141;13672;2147483706
33777;13937;2147483705
34591;14265;2147483704
36298;14968;2147483703
36550;15062;2147483702
37074;15265;2147483701
37811;15562;2147483700
38154;15703;2147483699
38238;15749;2147483698
38750;15953;2147483697
39166;16109;2147483696
75577;30926;2147483695
76576;31332;2147483694
77358;31644;2147483693
77369;31644;2147483692
77668;31785;2147483691
78076;31941;2147483690
78943;32300;2147483689
79239;32412;2147483688
79753;32630;2147483687
105088;42799;2147483686
105292;42878;2147483685
105929;43143;2147483684
107050;43612;2147483683
107385;43737;2147483682
107580;43815;2147483681
108280;44112;2147483680
109040;44408;2147483679
110755;45111;2147483678
113875;46377;2147483677
113966;46408;2147483676
114599;46674;2147483675
115276;46939;2147483674
117434;47817;2147483673
231846;93725;2147483672
232858;94124;2147483671
234952;94984;2147483670
238001;96202;2147483669
239467;96811;2147483668
276806;111859;2147483667
277149;112000;2147483666
278751;112659;2147483665
280148;113222;2147483664
288420;116575;2147483663
289453;117013;2147483662
290108;117278;2147483661
295890;119624;2147483660
296079;119702;2147483659
298780;120796;2147483658
309650;125236;2147483657
311354;125939;2147483656
312820;126532;2147483655
743021;298417;2147483654
1726184;692607;2147483653
1749085;701958;2147483652
1808681;726263;2147483651
3829670;1539298;2147483650
8303523;3334643;2147483649
8910954;3579162;97400
8910969;3579162;97396
8910998;3579177;97392
8911010;3579177;97391
8911081;3579209;97387
8911126;3579240;97384
8911255;3579287;97380
8911264;3579287;97339
8911307;3579318;97331
8911348;3579334;97301
8911367;3579334;97297
8911453;3579380;97258
8911454;3579380;97254
8911458;3579380;97094
8911467;3579380;97090
8911474;3579380;97051
8911520;3579396;97047
8911586;3579427;97043
8911658;3579459;97039
8911726;3579490;97035
8911744;3579505;97031
8911783;3579521;96987
8911809;3579537;96983
8911816;3579537;96979
8911841;3579537;96823
8911846;3579552;96819
8911854;3579552;96815
8911909;3579568;96811
8911923;3579584;96795
8911942;3579584;96791
8912091;3579646;96631
8912115;3579662;96627
8912204;3579693;96587
8912248;3579724;96583
8912416;3579787;96582
8912438;3579787;96579
8912474;3579802;96575
8912491;3579818;96531
8912492;3579818;96375
8912496;3579818;96371
8912503;3579818;96367
8912556;3579849;96363
8912573;3579849;96359
8912588;3579849;96355
8912673;3579896;96351
8912723;3579912;96347
8912867;3579974;96343
8912880;3579974;96339
8912939;3579990;96335
8912946;3580005;96331
8912948;3580005;96327
8912997;3580021;96323
8913021;3580037;96322
8913053;3580037;96318
8913061;3580052;96314
8913073;3580052;96310
8913117;3580068;96150
8913198;3580099;96147
8913216;3580115;96107
8913291;3580146;96063
8913307;3580146;96059
8913395;3580177;96020
8913429;3580193;96016
8913501;3580224;96012
8913538;3580240;96008
8913551;3580240;95848
8913588;3580255;95844
8913627;3580271;95840
8913628;3580271;95800
8913690;3580302;95796
8913732;3580318;95792
8913775;3580333;95788
8913791;3580349;95784
8914034;3580443;95780
8914045;3580443;95770
8914062;3580458;95766
8914089;3580458;95722
8914171;3580505;95678
8914201;3580505;95677
8914213;3580521;95521
8914269;3580536;95357
8914632;3580693;95353
8914702;3580724;95313
8914746;3580739;95309
8914799;3580771;95273
8914833;3580771;95113
8914934;3580820;95072
8914949;3580820;94908
8915092;3580882;94904
8915194;3580929;94864
8915200;3580929;94863
8915216;3580945;94820
8915276;3580960;94816
8915314;3580976;94812
8915358;3580992;94808
8915501;3581054;94804
8915626;3581101;94800
8915685;3581132;94796
8915881;3581210;94716
8915906;3581226;94588
8915909;3581226;94482
8916139;3581320;94438
8916210;3581335;94434
8916224;3581351;94306
8916381;3581413;94303
8916388;3581413;94264
8916523;3581476;94260
8916663;3581523;94256
8916699;3581538;94219
8916829;3581601;94215
8916935;3581632;94211
8917032;3581679;94207
8917193;3581741;94191
8917270;3581773;94187
8917292;3581788;94186
8917344;3581804;94026
8917426;3581835;94022
8917436;3581851;93978
8917483;3581866;93974
8917543;3581898;93973
8917712;3581960;93969
8917714;3581960;93965
8917800;3582007;93805
8917876;3582023;93801
8918008;3582085;93797
8918013;3582085;93796
8918036;3582101;93792
8918097;3582116;93788
8918218;3582163;93784
8918234;3582179;93780
8918297;3582194;93776
8918361;3582226;93670
8918486;3582288;93666
8918540;3582304;93506
8918573;3582319;93505
8918601;3582319;93502
8918684;3582366;93458
8918783;3582398;93454
8919074;3582523;93450
8919154;3582554;93446
8919376;3582648;93407
8919518;3582710;93403
8919519;3582710;93399
8919779;3582819;93395
8919930;3582866;93391
8920029;3582913;93231
8920046;3582929;93227
8920111;3582944;93067
8920207;3582991;92911
8920243;3583007;92910
8920311;3583022;92906
8920314;3583038;92902
8920370;3583054;92898
8920442;3583085;92894
8920638;3583163;92734
8920750;3583210;92694
8920849;3583257;92684
8920982;3583319;92524
8921019;3583335;92364
8921164;3583382;92360
8921244;3583429;92356
8921422;3583491;92355
8921610;3583569;92351
8921675;3583600;92347
8921744;3583632;92337
8921917;3583701;92298
8922171;3583794;92282
8922224;3583826;92278
8922422;3583904;92274
8922444;3583919;92270
8922498;3583935;92110
8922527;3583951;92074
8922566;3583966;91910
8922797;3584060;91906
8922917;3584107;91902
8923033;3584154;91898
8923114;3584185;91742
8923219;3584232;91586
8923229;3584232;91582
8923333;3584279;91542
8923468;3584325;91538
8923790;3584466;91534
8923920;3584529;91530
8923941;3584529;91491
8923972;3584544;91488
8924278;3584669;91484
8924382;3584716;91440
8924519;3584763;91280
8924530;3584779;91276
8924602;3584794;91275
8924628;3584810;91129
8924754;3584872;91128
8925215;3585044;90982
8925302;3585091;90942
8925326;3585091;90938
8925476;3585153;90778
8925572;3585200;90738
8925638;3585231;90698
8926016;3585388;90694
8926148;3585435;90655
8926435;3585560;90652
8926565;3585606;90648
8926588;3585622;90492
8926593;3585622;90452
8926684;3585653;90448
8926687;3585653;90409
8926736;3585685;90408
8926801;3585700;90369
8926819;3585716;90213
8927202;3585888;90057
8927357;3585950;90054
8927438;3585981;90014
8927443;3585981;90010
8927499;3585997;89850
8927579;3586028;89846
8928228;3586309;89842
8928312;3586341;89682
8928328;3586356;89642
8928362;3586356;89602
8928657;3586481;89598
8928847;3586559;89558
8929027;3586637;89554
8929110;3586669;89550
8929209;3586700;89510
8929276;3586731;89506
8929425;3586794;89357
8929463;3586809;89197
8929640;3586887;89196
8929952;3587012;89186
8930127;3587090;89146
8930227;3587122;89142
8930422;3587200;89138
8930433;3587215;89094
8930870;3587387;89058
8931078;3587481;89018
8931170;3587528;88978
8931341;3587590;88818
8931372;3587606;88662
8931498;3587653;88652
8931500;3587653;88546
8931710;3587731;88506
8931745;3587747;88346
8932118;3587903;88310
8932453;3588043;88146
8932743;3588153;88103
8932858;3588200;88087
8932954;3588246;88047
8933302;3588390;88044
8933319;3588406;88040
8933735;3588578;88036
8933904;3588640;87876
8933970;3588671;87872
8934081;3588718;87832
8934178;3588765;87828
8934760;3588999;87785
8934859;3589046;87636
8935081;3589140;87629
8935181;3589187;87473
8935298;3589218;87469
8935364;3589249;87309
8935527;3589327;87308
8935704;3589392;87148
8935752;3589408;87144
8936182;3589580;86988
8936696;3589799;86985
8937040;3589939;86945
8937328;3590064;86785
8937741;3590236;86625
8937787;3590252;86469
8937993;3590330;86465
8938415;3590517;86415
8938458;3590548;86412
8939129;3590818;86408
8939268;3590880;86252
8939432;3590942;86216
8939683;3591036;86056
8939841;3591114;86016
8940188;3591255;85860
8940781;3591489;85700
8940840;3591520;85544
8941989;3592005;85540
8942248;3592098;85380
8942637;3592255;85376
8942822;3592333;85369
8942870;3592348;85368
8943764;3592723;85365
8944161;3592879;85205
8944552;3593051;85045
8944791;3593145;85042
8945088;3593270;85038
8945469;3593426;85034
8945473;3593426;84994
8945935;3593614;84838
8945952;3593614;84798
8946066;3593661;84788
8946222;3593723;84784
8946501;3593848;84624
8946773;3593957;84588
8947658;3594317;84584
8947762;3594364;84580
8948577;3594692;84576
8948673;3594723;84420
8949191;3594942;84416
8949214;3594957;84412
8949502;3595067;84368
8949896;3595223;84364
8950247;3595379;84321
8950734;3595566;84282
8951675;3595957;84239
8951890;3596051;84200
8952176;3596176;84161
8952804;3596441;84001
8952807;3596441;83961
8952886;3596472;83957
8953075;3596551;83918
8953084;3596551;83879
8953896;3596894;83838
8953988;3596925;83808
8955217;3597441;83768
8955243;3597457;83764
8956094;3597800;83604
8956172;3597831;83568
8956189;3597847;83412
8956734;3598066;83408
8957584;3598425;83248
8958968;3599003;83247
8959029;3599019;83211
8959559;3599237;83207
8959566;3599237;83203
8959870;3599362;83189
8959884;3599378;83185
9837980;3952508;83104
9838214;3952617;83068
9838479;3952711;82940
9838826;3952851;82900
9839017;3952929;82740
9839429;3953117;82704
9839552;3953179;82540
9840336;3953492;82497
9840525;3953585;82337
9841207;3953867;82333
9842245;3954304;82329
9842287;3954320;82289
9844688;3955321;82129
9844708;3955337;81969
9845113;3955493;81966
9845949;3955837;81962
9845984;3955852;81802
9846023;3955868;81646
9846687;3956134;81610
9847858;3956620;81600
9848207;3956761;81560
9848224;3956776;81524
9849141;3957136;81510
9849447;3957261;81509
9850467;3957683;81349
9851043;3957915;81309
9851865;3958259;81153
9854509;3959337;81112
9855709;3959837;80956
9855870;3959899;80800
9855936;3959930;80796
9856042;3959977;80636
9856193;3960040;80629
9856528;3960165;80626
9858637;3961040;80586
9860134;3961667;80430
9860861;3961964;80390
9861642;3962277;80354
9862921;3962792;80194
9862996;3962823;80038
9863446;3963011;80028
9863984;3963230;80024
9864202;3963323;80020
9864884;3963604;79860
9865469;3963839;79700
9865977;3964042;79697
9866271;3964167;79696
9866810;3964386;79692
9866976;3964464;79653
9867499;3964667;79493
9869868;3965651;79337
9870716;3965995;79333
9870745;3966010;79173
9871391;3966275;79169
9872190;3966603;79129
9872595;3966775;78969
9872907;3966900;78965
9876187;3968259;78805
9876858;3968540;78769
9876963;3968587;78729
9879133;3969471;78725
9879192;3969502;78724
9879551;3969643;78564
9879724;3969721;78408
9880655;3970096;78378
9881288;3970362;78368
9883137;3971111;78208
9884246;3971582;78048
9885975;3972285;77888
9886329;3972441;77847
9887441;3972894;77687
9888543;3973347;77651
9890050;3973972;77495
9891310;3974488;77335
9891615;3974613;77175
9897657;3977084;77135
9898169;3977303;77091
9898328;3977365;76935
9899563;3977865;76775
9899662;3977912;76735
9902571;3979099;76579
9903206;3979365;76419
9905638;3980364;76259
9905741;3980396;76099
9906554;3980739;76059
9908895;3981698;76055
9911764;3982886;75895
9911886;3982933;75739
9912033;3982995;75736
9912182;3983057;75732
9912388;3983136;75702
9914583;3984052;75546
9915379;3984380;75536
9916621;3984927;75376
9917141;3985145;75372
9917713;3985380;75212
9918278;3985614;75175
9919484;3986129;75135
9920423;3986522;74979
9921414;3986928;74823
9921563;3986975;74784
9922671;3987444;74624
9922910;3987537;74464
9923881;3987948;74461
9924163;3988057;74301
9924673;3988276;74141
9928649;3989932;73981
9928714;3989963;73975
9929231;3990166;73815
9930805;3990822;73655
9931106;3990947;73495
9933161;3991795;73491
9934599;3992389;73455
9936141;3993045;73295
9941535;3995279;73135
9941618;3995310;73131
9942171;3995544;72971
9942262;3995575;72815
9942580;3995716;72655
9943271;3995997;72651
9944608;3996563;72611
9947326;3997688;72451
9950528;3999003;72291
9950685;3999065;72261
9951083;3999221;72101
9955312;4001002;72097
9958380;4002272;71941
9958677;4002397;71781
9959252;4002631;71625
9960115;4003006;71609
9960522;4003178;71453
9960665;4003225;71450
9961511;4003584;71410
9962479;4003975;71250
9966166;4005522;71090
9968089;4006321;70930
9973560;4008586;70770
9973656;4008633;70764
9974719;4009071;70760
9978439;4010617;70724
9978755;4010758;70564
9978770;4010758;70561
9979027;4010867;70405
9980727;4011557;70362
9984084;4012972;70326
9984819;4013285;70170
9984841;4013285;70014
9984926;4013316;69854
9986014;4013769;69694
9987127;4014237;69534
9989062;4015050;69498
9990653;4015737;69494
9991455;4016081;69490
9993798;4017052;69334
9995337;4017708;69330
9998448;4018985;69174
10002029;4020484;69014
10003089;4020922;69004
10004188;4021378;68844
10004193;4021378;68804
10005176;4021784;68644
10007203;4022645;68484
10009908;4023755;68324
10010663;4024067;68320
10011839;4024551;68160
10012323;4024754;68156
10017670;4026975;68150
10021035;4028364;68114
10023450;4029356;67954
10024032;4029606;67918
10024249;4029700;67878
10031981;4032919;67842
10035348;4034315;67682
10041611;4036925;67522
10041744;4036972;67482
10043073;4037519;67322
10043381;4037644;67286
10044292;4038018;67126
10047392;4039315;67125
10050148;4040471;66965
10051780;4041143;66961
10054822;4042411;66801
10057157;4043396;66641
10057381;4043474;66637
10064162;4046301;66477
10071131;4049183;66321
10084384;4054685;66161
10085371;4055087;66155
10085903;4055306;66125
10088432;4056337;65965
10102018;4061976;65805
10106771;4063929;65766
10108158;4064507;65620
10109997;4065272;65581
10110491;4065475;65577
10117802;4068512;65417
10117822;4068527;65257
10119449;4069199;65097
10120117;4069480;65093
10128992;4073214;65089
10130360;4073783;64933
10133426;4075048;64773
10137096;4076581;64617
10146582;4080550;64457
10148375;4081299;64297
10150002;4081975;64141
10152388;4082973;63981
10155030;4084064;63938
10155895;4084424;63778
10159136;4085767;63618
10186851;4097288;63614
10191613;4099253;63454
10194270;4100349;63415
10201206;4103242;63259
10208160;4106160;63223
10209693;4106787;63063
10213327;4108302;62903
10217597;4110077;62743
10218546;4110468;62583
10228416;4114579;62423
10229315;4114954;62382
10233775;4116800;62222
10236796;4118052;62221
21888036;8796325;62193
21916161;8808023;62153
21916756;8808273;61993
21917856;8808745;61957
21920550;8809870;61797
21926422;8812310;61637
21929909;8813762;61477
21932991;8815031;61317
21940759;8818314;61274
21945790;8820392;61114
21949496;8821957;61108
21951097;8822628;60948
21953237;8823519;60944
21967897;8829581;60816
21970453;8830643;60656
21978294;8833895;60500
21985745;8836991;60460
21989601;8838593;60304
21995971;8841251;60264
22011864;8847848;60104
22013813;8848645;59944
22016049;8849589;59784
22016830;8849901;59628
22018509;8850604;59468
22022802;8852388;59308
22052384;8864684;59148
22055461;8865965;58988
22064068;8869545;58828
22066998;8870763;58672
22081997;8877013;58512
22107275;8887649;58352
22112943;8890008;58192
22129528;8896902;58032
22133128;8898417;57872
22143348;8902670;57833
22158979;8909141;57673
22159355;8909297;57670
22163248;8910906;57666
22165258;8911741;57506
22173609;8915191;57346
22177277;8916709;57342
22180829;8918178;57182
22193178;8923304;57145
22217373;8933433;56985
22219033;8934104;56981
22235023;8940795;56821
22253773;8948596;56661
22270284;8955464;56501
22273919;8956982;56345
22289563;8963492;56185
22311281;8972520;56149
22320895;8976522;55989
22331390;8980850;55949
22337826;8983527;55909
22351235;8989102;55905
22374951;8999020;55865
22378772;9000613;55825
22394134;9007025;55665
22398029;9008638;55505
22408885;9013161;55465
22491839;9047686;55305
22498369;9050405;55145
22514823;9057218;54985
22522279;9060317;54825
22532855;9064710;54669
22550920;9072203;54629
22554937;9073875;54543
22570913;9080536;54383
22615900;9099146;54339
22631217;9105507;54299
22633157;9106323;54259
22634034;9106682;54099
22644770;9111138;53939
22646684;9111922;53900
22668254;9120875;53740
22692898;9131048;53736
22702049;9134846;53706
22714248;9139894;53705
22720537;9142490;53662
22755565;9156933;53632
22756632;9157371;53622
22761566;9159386;53462
22773765;9164417;53306
22775589;9165183;53146
22874562;9206183;52986
22915650;9223161;52826
22928723;9228554;52666
22945869;9235637;52506
22958050;9240670;52346
22977396;9248693;52310
#
# name: Hill Climbing RS
# algorithm_class: solver.HillClimbingWithRS
# instance: nbi-spr18
# seed: 1832348561347793466
# bestF: 52310
# DTF: 0
# cost: 52310
# startTime: 1768352179086
# totalTime: 14400001
# totalFEs: 35800619
# maxFEs: 9223372036854775807
# maxMilliSeconds: 14400000
# maxSeconds: 14400
#
<?xml version="1.0" encoding="UTF-8" standalone="no"?>
<solution author="ScholORs" cores="1" country="China and Malaysia" institution="Bejing/Hefei/Malaysia" name="nbi-spr18" runtime="14400" technique="hillclimbingwithrs">
    <class days="0100000" id="1" room="16" start="168" weeks="111111111111111"/>
    <class days="0100000" id="2" room="60" start="180" weeks="111111111111111"/>
    <class days="1000000" id="3" room="60" start="192" weeks="111111111111111"/>
    <class days="0000100" id="4" room="60" start="180" weeks="111111111111111"/>
    <class days="0001000" id="5" room="60" start="192" weeks="111111111111111"/>
    <class days="1000000" id="6" room="61" start="156" weeks="111111111111111"/>
    <class days="0010000" id="7" room="62" start="144" weeks="111111111111111"/>
    <class days="0010000" id="8" start="108" weeks="111111111111111"/>
    <class days="0010000" id="9" room="62" start="132" weeks="111111111111111"/>
    <class days="1000000" id="10" room="61" start="96" weeks="111111111111111"/>
    <class days="0001000" id="11" room="42" start="180" weeks="111111111111111"/>
    <class days="0100000" id="12" room="42" start="180" weeks="111111111111111"/>
    <class days="0001000" id="13" room="46" start="168" weeks="111111111111111"/>
    <class days="0000100" id="14" room="42" start="96" weeks="111111111111111"/>
    <class days="0010000" id="15" room="61" start="156" weeks="111111111111111"/>
    <class days="0100000" id="16" room="62" start="156" weeks="111111111111111"/>
    <class days="0100000" id="17" room="42" start="168" weeks="111111111111111"/>
    <class days="0010000" id="18" room="46" start="168" weeks="111111111111111"/>
    <class days="0001000" id="19" room="60" start="168" weeks="111111111111111"/>
    <class days="0001000" id="20" room="18" start="144" weeks="111111111111111"/>
    <class days="0010000" id="21" room="42" start="132" weeks="111111111111111"/>
    <class days="0001000" id="22" room="17" start="210" weeks="111111111111111"/>
    <class days="0100000" id="23" room="17" start="210" weeks="111111111111111"/>
    <class days="0000100" id="24" room="17" start="210" weeks="111111111111111"/>
    <class days="1000000" id="25" room="17" start="210" weeks="111111111111111"/>
    <class days="0010000" id="26" room="17" start="210" weeks="111111111111111"/>
    <class days="0001000" id="27" room="42" start="210" weeks="111111111111111"/>
    <class days="1000000" id="28" room="42" start="210" weeks="111111111111111"/>
    <class days="0000100" id="29" room="42" start="210" weeks="111111111111111"/>
    <class days="0010000" id="30" room="42" start="210" weeks="111111111111111"/>
    <class days="0100000" id="31" room="42" start="210" weeks="111111111111111"/>
    <class days="0000100" id="32" room="67" start="156" weeks="111111111111111"/>
    <class days="0100000" id="33" room="38" start="96" weeks="111111111111111"/>
    <class days="0100000" id="34" room="32" start="144" weeks="111111111111111"/>
    <class days="0000100" id="35" room="57" start="108" weeks="111111111111111"/>
    <class days="1000000" id="36" room="1" start="120" weeks="111111111111111"/>
    <class days="0010000" id="37" room="55" start="120" weeks="111111111111111"/>
    <class days="0100000" id="38" room="2" start="168" weeks="111111111111111"/>
    <class days="0100000" id="39" room="2" start="144" weeks="111111111111111"/>
    <class days="0001000" id="40" room="38" start="132" weeks="111111111111111"/>
    <class days="0100000" id="41" room="62" start="132" weeks="111111111111111"/>
    <class days="0000100" id="42" room="61" start="168" weeks="111111111111111"/>
    <class days="1000000" id="43" room="36" start="120" weeks="111111111111111"/>
    <class days="0001000" id="44" room="62" start="144" weeks="111111111111111"/>
    <class days="0010000" id="45" room="62" start="120" weeks="111111111111111"/>
    <class days="1000000" id="46" room="3" start="168" weeks="111111111111111"/>
    <class days="1000000" id="47" room="61" start="132" weeks="111111111111111"/>
    <class days="0010000" id="48" room="61" start="120" weeks="111111111111111"/>
    <class days="0001000" id="49" room="37" start="120" weeks="111111111111111"/>
    <class days="0000100" id="50" room="47" start="210" weeks="111111111111111"/>
    <class days="0001000" id="51" room="47" start="210" weeks="111111111111111"/>
    <class days="0010000" id="52" room="47" start="210" weeks="111111111111111"/>
    <class days="1000000" id="53" room="47" start="210" weeks="111111111111111"/>
    <class days="0100000" id="54" start="210" weeks="111111111111111"/>
    <class days="0001000" id="55" room="61" start="120" weeks="111111111111111"/>
    <class days="0010000" id="56" room="37" start="168" weeks="111111111111111"/>
    <class days="0100000" id="57" room="62" start="120" weeks="111111111111111"/>
    <class days="0000100" id="58" room="59" start="168" weeks="111111111111111"/>
    <class days="0001000" id="59" room="36" start="120" weeks="111111111111111"/>
    <class days="0100000" id="60" room="61" start="132" weeks="111111111111111"/>
    <class days="0100000" id="61" room="36" start="96" weeks="111111111111111"/>
    <class days="0000100" id="62" room="61" start="180" weeks="111111111111111"/>
    <class days="0010000" id="63" room="61" start="108" weeks="111111111111111"/>
    <class days="0001000" id="64" room="3" start="168" weeks="111111111111111"/>
    <class days="0001000" id="65" room="3" start="132" weeks="111111111111111"/>
    <class days="0001000" id="66" room="37" start="168" weeks="111111111111111"/>
    <class days="0100000" id="67" room="55" start="108" weeks="111111111111111"/>
    <class days="0010000" id="68" room="55" start="144" weeks="111111111111111"/>
    <class days="0001000" id="69" room="35" start="156" weeks="111111111111111"/>
    <class days="1000000" id="70" room="59" start="168" weeks="111111111111111"/>
    <class days="1000000" id="71" room="59" start="180" weeks="111111111111111"/>
    <class days="0100000" id="72" room="35" start="108" weeks="111111111111111"/>
    <class days="0100000" id="73" room="59" start="156" weeks="111111111111111"/>
    <class days="0010000" id="74" room="61" start="96" weeks="111111111111111"/>
    <class days="0010000" id="75" room="32" start="168" weeks="111111111111111"/>
    <class days="1000000" id="76" room="59" start="96" weeks="111111111111111"/>
    <class days="0010000" id="77" room="59" start="180" weeks="111111111111111"/>
    <class days="0010000" id="78" room="37" start="96" weeks="111111111111111"/>
    <class days="0100000" id="79" room="62" start="96" weeks="111111111111111"/>
    <class days="0100000" id="80" room="37" start="120" weeks="111111111111111"/>
    <class days="1000000" id="81" room="56" start="120" weeks="111111111111111"/>
    <class days="1000000" id="82" room="29" start="168" weeks="111111111111111"/>
    <class days="1000000" id="83" room="1" start="108" weeks="111111111111111"/>
    <class days="0100000" id="84" room="1" start="108" weeks="111111111111111"/>
    <class days="0100000" id="85" room="55" start="168" weeks="111111111111111"/>
    <class days="0001000" id="86" room="62" start="96" weeks="111111111111111"/>
    <class days="0001000" id="87" room="62" start="108" weeks="111111111111111"/>
    <class days="0100000" id="88" room="58" start="120" weeks="111111111111111"/>
    <class days="0000100" id="89" room="1" start="120" weeks="111111111111111"/>
    <class days="0010000" id="90" room="1" start="120" weeks="111111111111111"/>
    <class days="0010000" id="91" room="58" start="168" weeks="111111111111111"/>
    <class days="1000000" id="92" room="67" start="156" weeks="111111111111111"/>
    <class days="1000000" id="93" room="4" start="96" weeks="111111111111111"/>
    <class days="0001000" id="94" room="67" start="168" weeks="111111111111111"/>
    <class days="0001000" id="95" room="57" start="132" weeks="111111111111111"/>
    <class days="0000100" id="96" room="30" start="144" weeks="111111111111111"/>
    <class days="0001000" id="97" room="5" start="168" weeks="111111111111111"/>
    <class days="0100000" id="98" room="67" start="108" weeks="111111111111111"/>
    <class days="0010000" id="99" room="30" start="168" weeks="111111111111111"/>
    <class days="0100000" id="100" room="67" start="168" weeks="111111111111111"/>
    <class days="0001000" id="101" room="38" start="168" weeks="111111111111111"/>
    <class days="0000100" id="102" start="108" weeks="111111111111111"/>
    <class days="0000100" id="103" start="168" weeks="111111111111111"/>
    <class days="0001000" id="104" room="67" start="96" weeks="111111111111111"/>
    <class days="0001000" id="105" room="39" start="120" weeks="111111111111111"/>
    <class days="0010000" id="106" room="67" start="120" weeks="111111111111111"/>
    <class days="0010000" id="107" room="2" start="168" weeks="111111111111111"/>
    <class days="1000000" id="108" room="67" start="120" weeks="111111111111111"/>
    <class days="1000000" id="109" room="34" start="168" weeks="111111111111111"/>
    <class days="0000100" id="110" room="30" start="108" weeks="111111111111111"/>
    <class days="0000100" id="111" room="30" start="168" weeks="111111111111111"/>
    <class days="0000100" id="112" room="62" start="144" weeks="111111111111111"/>
    <class days="0100000" id="113" room="9" start="108" weeks="111111111111111"/>
    <class days="0100000" id="114" room="9" start="96" weeks="111111111111111"/>
    <class days="0001000" id="115" room="11" start="120" weeks="111111111111111"/>
    <class days="0000100" id="116" room="61" start="84" weeks="111111111111111"/>
    <class days="0001000" id="117" room="61" start="96" weeks="111111111111111"/>
    <class days="1000000" id="118" room="27" start="132" weeks="111111111111111"/>
    <class days="0000100" id="119" room="27" start="144" weeks="111111111111111"/>
    <class days="0001000" id="120" room="61" start="144" weeks="111111111111111"/>
    <class days="0001000" id="121" room="62" start="168" weeks="111111111111111"/>
    <class days="0000100" id="122" room="9" start="156" weeks="111111111111111"/>
    <class days="1000000" id="123" room="11" start="168" weeks="111111111111111"/>
    <class days="0001000" id="124" room="11" start="168" weeks="111111111111111"/>
    <class days="1000000" id="125" room="15" start="132" weeks="111111111111111"/>
    <class days="0010000" id="126" room="15" start="96" weeks="111111111111111"/>
    <class days="0010000" id="127" room="9" start="96" weeks="111111111111111"/>
    <class days="0010000" id="128" room="9" start="120" weeks="111111111111111"/>
    <class days="1000000" id="129" room="9" start="156" weeks="111111111111111"/>
    <class days="0010000" id="130" room="15" start="132" weeks="111111111111111"/>
    <class days="0010000" id="131" room="64" start="96" weeks="111111111111111"/>
    <class days="0100000" id="132" room="64" start="144" weeks="111111111111111"/>
    <class days="0010000" id="133" room="64" start="180" weeks="111111111111111"/>
    <class days="0001000" id="134" room="64" start="132" weeks="111111111111111"/>
    <class days="0000100" id="135" room="64" start="120" weeks="111111111111111"/>
    <class days="0010000" id="136" room="64" start="120" weeks="111111111111111"/>
    <class days="1000000" id="137" room="64" start="168" weeks="111111111111111"/>
    <class days="0001000" id="138" room="64" start="144" weeks="111111111111111"/>
    <class days="0001000" id="139" room="64" start="168" weeks="111111111111111"/>
    <class days="0100000" id="140" room="64" start="120" weeks="111111111111111"/>
    <class days="0000100" id="141" room="49" start="210" weeks="111111111111111"/>
    <class days="0100000" id="142" room="49" start="210" weeks="111111111111111"/>
    <class days="0001000" id="143" room="49" start="210" weeks="111111111111111"/>
    <class days="0010000" id="144" room="49" start="210" weeks="111111111111111"/>
    <class days="0100000" id="145" room="53" start="210" weeks="111111111111111"/>
    <class days="1000000" id="146" room="53" start="210" weeks="111111111111111"/>
    <class days="0010000" id="147" room="53" start="210" weeks="111111111111111"/>
    <class days="0001000" id="148" room="53" start="210" weeks="111111111111111"/>
    <class days="0000100" id="149" room="9" start="120" weeks="111111111111111"/>
    <class days="0001000" id="150" room="9" start="192" weeks="111111111111111"/>
    <class days="0000100" id="151" room="64" start="96" weeks="111111111111111"/>
    <class days="0010000" id="152" room="64" start="168" weeks="111111111111111"/>
    <class days="1000000" id="153" room="64" start="96" weeks="111111111111111"/>
    <class days="0010000" id="154" room="64" start="144" weeks="111111111111111"/>
    <class days="0001000" id="155" room="64" start="108" weeks="111111111111111"/>
    <class days="0010000" id="156" room="64" start="132" weeks="111111111111111"/>
    <class days="0100000" id="157" room="64" start="96" weeks="111111111111111"/>
    <class days="1000000" id="158" room="64" start="144" weeks="111111111111111"/>
    <class days="0010000" id="159" room="60" start="192" weeks="111111111111111"/>
    <class days="0100000" id="160" room="60" start="96" weeks="111111111111111"/>
    <class days="0001000" id="161" room="8" start="96" weeks="111111111111111"/>
    <class days="1000000" id="162" room="8" start="96" weeks="111111111111111"/>
    <class days="0010000" id="163" room="13" start="108" weeks="111111111111111"/>
    <class days="0100000" id="164" room="8" start="132" weeks="111111111111111"/>
    <class days="0001000" id="165" room="10" start="132" weeks="111111111111111"/>
    <class days="1000000" id="166" room="60" start="96" weeks="111111111111111"/>
    <class days="0001000" id="167" room="13" start="96" weeks="111111111111111"/>
    <class days="0100000" id="168" room="13" start="156" weeks="111111111111111"/>
    <class days="0010000" id="169" room="60" start="96" weeks="111111111111111"/>
    <class days="0100000" id="170" room="60" start="156" weeks="111111111111111"/>
    <class days="1000000" id="171" room="10" start="108" weeks="111111111111111"/>
    <class days="1000000" id="172" room="10" start="168" weeks="111111111111111"/>
    <class days="0010000" id="173" room="10" start="120" weeks="111111111111111"/>
    <class days="0100000" id="174" room="9" start="132" weeks="111111111111111"/>
    <class days="0010000" id="175" room="62" start="96" weeks="111111111111111"/>
    <class days="0010000" id="176" room="60" start="168" weeks="111111111111111"/>
    <class days="0010000" id="177" room="60" start="180" weeks="111111111111111"/>
    <class days="0000100" id="178" room="12" start="108" weeks="111111111111111"/>
    <class days="0001000" id="179" room="15" start="156" weeks="111111111111111"/>
    <class days="0100000" id="180" room="15" start="120" weeks="111111111111111"/>
    <class days="1000000" id="181" room="15" start="156" weeks="111111111111111"/>
    <class days="0100000" id="182" room="27" start="84" weeks="111111111111111"/>
    <class days="0010000" id="183" room="27" start="84" weeks="111111111111111"/>
    <class days="0010000" id="184" room="27" start="96" weeks="111111111111111"/>
    <class days="0010000" id="185" room="18" start="144" weeks="111111111111111"/>
    <class days="0100000" id="186" room="61" start="108" weeks="111111111111111"/>
    <class days="1000000" id="187" room="9" start="96" weeks="111111111111111"/>
    <class days="0001000" id="188" room="27" start="156" weeks="111111111111111"/>
    <class days="0001000" id="189" room="9" start="96" weeks="111111111111111"/>
    <class days="0001000" id="190" room="62" start="156" weeks="111111111111111"/>
    <class days="1000000" id="191" room="62" start="132" weeks="111111111111111"/>
    <class days="0000100" id="192" room="61" start="144" weeks="111111111111111"/>
    <class days="0010000" id="193" room="27" start="144" weeks="111111111111111"/>
    <class days="1000000" id="194" room="62" start="96" weeks="111111111111111"/>
    <class days="0100000" id="195" room="61" start="156" weeks="111111111111111"/>
    <class days="1000000" id="196" room="13" start="168" weeks="111111111111111"/>
    <class days="0001000" id="197" room="13" start="168" weeks="111111111111111"/>
    <class days="0100000" id="198" room="9" start="156" weeks="111111111111111"/>
    <class days="0001000" id="199" room="27" start="96" weeks="111111111111111"/>
    <class days="0000100" id="200" room="9" start="192" weeks="111111111111111"/>
    <class days="0000100" id="201" room="10" start="144" weeks="111111111111111"/>
    <class days="1000000" id="202" room="8" start="144" weeks="111111111111111"/>
    <class days="0000100" id="203" room="9" start="132" weeks="111111111111111"/>
    <class days="1000000" id="204" room="9" start="144" weeks="111111111111111"/>
    <class days="0001000" id="205" room="9" start="108" weeks="111111111111111"/>
    <class days="0001000" id="206" room="9" start="156" weeks="111111111111111"/>
    <class days="0000100" id="207" room="9" start="96" weeks="111111111111111"/>
    <class days="0001000" id="208" room="15" start="96" weeks="111111111111111"/>
    <class days="0001000" id="209" room="15" start="132" weeks="111111111111111"/>
    <class days="0010000" id="210" room="15" start="180" weeks="111111111111111"/>
    <class days="0100000" id="211" room="15" start="168" weeks="111111111111111"/>
    <class days="1000000" id="212" room="15" start="96" weeks="111111111111111"/>
    <class days="0001000" id="213" room="9" start="132" weeks="111111111111111"/>
    <class days="1000000" id="214" room="18" start="168" weeks="111111111111111"/>
    <class days="0000100" id="215" room="8" start="120" weeks="111111111111111"/>
    <class days="0001000" id="216" room="14" start="168" weeks="111111111111111"/>
    <class days="1000000" id="217" room="14" start="168" weeks="111111111111111"/>
    <class days="1000000" id="218" room="14" start="144" weeks="111111111111111"/>
    <class days="1000000" id="219" room="14" start="132" weeks="111111111111111"/>
    <class days="0001000" id="220" room="14" start="108" weeks="111111111111111"/>
    <class days="0010000" id="221" room="14" start="132" weeks="111111111111111"/>
    <class days="0100000" id="222" room="14" start="144" weeks="111111111111111"/>
    <class days="0000100" id="223" room="14" start="120" weeks="111111111111111"/>
    <class days="0000100" id="224" room="14" start="96" weeks="111111111111111"/>
    <class days="0100000" id="225" room="14" start="120" weeks="111111111111111"/>
    <class days="1000000" id="226" room="14" start="108" weeks="111111111111111"/>
    <class days="0100000" id="227" room="14" start="108" weeks="111111111111111"/>
    <class days="1000000" id="228" start="144" weeks="111111111111111"/>
    <class days="1000000" id="229" start="132" weeks="111111111111111"/>
    <class days="0010000" id="230" room="9" start="144" weeks="111111111111111"/>
    <class days="1000000" id="231" room="27" start="144" weeks="111111111111111"/>
    <class days="0000100" id="232" room="15" start="120" weeks="111111111111111"/>
    <class days="1000000" id="233" room="11" start="144" weeks="111111111111111"/>
    <class days="1000000" id="234" room="11" start="204" weeks="111111111111111"/>
    <class days="0000100" id="235" room="11" start="168" weeks="111111111111111"/>
    <class days="0010000" id="236" room="61" start="180" weeks="111111111111111"/>
    <class days="0000100" id="237" room="9" start="180" weeks="111111111111111"/>
    <class days="0001000" id="238" room="11" start="96" weeks="111111111111111"/>
    <class days="0010000" id="239" room="11" start="156" weeks="111111111111111"/>
    <class days="1000000" id="240" room="7" start="156" weeks="111111111111111"/>
    <class days="0010000" id="241" room="9" start="180" weeks="111111111111111"/>
    <class days="1000000" id="242" room="9" start="180" weeks="111111111111111"/>
    <class days="0100000" id="243" room="62" start="144" weeks="111111111111111"/>
    <class days="0100000" id="244" room="15" start="96" weeks="111111111111111"/>
    <class days="0100000" id="245" room="15" start="156" weeks="111111111111111"/>
    <class days="0100000" id="246" room="11" start="168" weeks="111111111111111"/>
    <class days="0010000" id="247" room="11" start="120" weeks="111111111111111"/>
    <class days="0000100" id="248" room="15" start="156" weeks="111111111111111"/>
    <class days="1000000" id="249" room="9" start="132" weeks="111111111111111"/>
    <class days="0000100" id="250" room="15" start="96" weeks="111111111111111"/>
    <class days="0010000" id="251" room="13" start="144" weeks="111111111111111"/>
    <class days="0100000" id="252" room="9" start="180" weeks="111111111111111"/>
    <class days="0010000" id="253" room="15" start="168" weeks="111111111111111"/>
    <class days="1000000" id="254" room="9" start="108" weeks="111111111111111"/>
    <class days="0000100" id="255" room="11" start="108" weeks="111111111111111"/>
    <class days="0100000" id="256" room="14" start="168" weeks="111111111111111"/>
    <class days="1000000" id="257" room="14" start="96" weeks="111111111111111"/>
    <class days="0000100" id="258" room="14" start="132" weeks="111111111111111"/>
    <class days="0100000" id="259" room="14" start="96" weeks="111111111111111"/>
    <class days="1000000" id="260" room="14" start="180" weeks="111111111111111"/>
    <class days="0010000" id="261" room="14" start="144" weeks="111111111111111"/>
    <class days="0000100" id="262" room="14" start="168" weeks="111111111111111"/>
    <class days="0001000" id="263" room="14" start="144" weeks="111111111111111"/>
    <class days="0010000" id="264" room="14" start="168" weeks="111111111111111"/>
    <class days="0001000" id="265" room="14" start="96" weeks="111111111111111"/>
    <class days="0100000" id="266" room="27" start="192" weeks="111111111111111"/>
    <class days="0100000" id="267" room="50" start="120" weeks="111111111111111"/>
    <class days="1000000" id="268" room="50" start="96" weeks="111111111111111"/>
    <class days="0001000" id="269" room="50" start="96" weeks="111111111111111"/>
    <class days="0000100" id="270" room="52" start="132" weeks="111111111111111"/>
    <class days="0100000" id="271" room="50" start="192" weeks="111111111111111"/>
    <class days="0001000" id="272" room="27" start="120" weeks="111111111111111"/>
    <class days="0000100" id="273" room="48" start="168" weeks="111111111111111"/>
    <class days="0100000" id="274" room="48" start="192" weeks="111111111111111"/>
    <class days="1000000" id="275" room="27" start="96" weeks="111111111111111"/>
    <class days="0001000" id="276" room="50" start="168" weeks="111111111111111"/>
    <class days="0000100" id="277" room="50" start="192" weeks="111111111111111"/>
    <class days="0010000" id="278" room="50" start="156" weeks="111111111111111"/>
    <class days="0001000" id="279" room="50" start="192" weeks="111111111111111"/>
    <class days="0010000" id="280" room="48" start="96" weeks="111111111111111"/>
    <class days="0100000" id="281" room="50" start="96" weeks="111111111111111"/>
    <class days="1000000" id="282" room="48" start="192" weeks="111111111111111"/>
    <class days="0001000" id="283" room="48" start="96" weeks="111111111111111"/>
    <class days="1000000" id="284" room="48" start="132" weeks="111111111111111"/>
    <class days="0000100" id="285" room="51" start="156" weeks="111111111111111"/>
    <class days="1000000" id="286" room="48" start="168" weeks="111111111111111"/>
    <class days="0000100" id="287" room="50" start="132" weeks="111111111111111"/>
    <class days="0000100" id="288" room="48" start="96" weeks="111111111111111"/>
    <class days="1000000" id="289" room="50" start="192" weeks="111111111111111"/>
    <class days="0000100" id="290" room="50" start="96" weeks="111111111111111"/>
    <class days="1000000" id="291" room="50" start="108" weeks="111111111111111"/>
    <class days="0010000" id="292" room="17" start="96" weeks="111111111111111"/>
    <class days="0100000" id="293" room="48" start="120" weeks="111111111111111"/>
    <class days="1000000" id="294" room="27" start="168" weeks="111111111111111"/>
    <class days="0000100" id="295" room="48" start="192" weeks="111111111111111"/>
    <class days="0010000" id="296" room="48" start="144" weeks="111111111111111"/>
    <class days="0100000" id="297" room="51" start="96" weeks="111111111111111"/>
    <class days="0100000" id="298" room="51" start="132" weeks="111111111111111"/>
    <class days="0000100" id="299" room="64" start="168" weeks="111111111111111"/>
    <class days="0100000" id="300" room="64" start="156" weeks="111111111111111"/>
    <class days="0100000" id="301" room="48" start="156" weeks="111111111111111"/>
    <class days="0000100" id="302" room="52" start="108" weeks="111111111111111"/>
    <class days="0001000" id="303" room="51" start="156" weeks="111111111111111"/>
    <class days="0100000" id="304" room="48" start="96" weeks="111111111111111"/>
    <class days="0010000" id="305" room="51" start="96" weeks="111111111111111"/>
    <class days="0010000" id="306" room="17" start="144" weeks="111111111111111"/>
    <class days="1000000" id="307" room="48" start="96" weeks="111111111111111"/>
    <class days="0000100" id="308" room="17" start="108" weeks="111111111111111"/>
    <class days="0100000" id="309" room="51" start="168" weeks="111111111111111"/>
    <class days="0001000" id="310" room="17" start="156" weeks="111111111111111"/>
    <class days="0001000" id="311" room="50" start="132" weeks="111111111111111"/>
    <class days="0001000" id="312" room="48" start="168" weeks="111111111111111"/>
    <class days="0100000" id="313" room="50" start="144" weeks="111111111111111"/>
    <class days="0001000" id="314" room="51" start="132" weeks="111111111111111"/>
    <class days="0010000" id="315" room="51" start="132" weeks="111111111111111"/>
    <class days="0001000" id="316" room="17" start="132" weeks="111111111111111"/>
    <class days="0010000" id="317" room="50" start="192" weeks="111111111111111"/>
    <class days="1000000" id="318" room="52" start="96" weeks="111111111111111"/>
    <class days="0001000" id="319" room="52" start="96" weeks="111111111111111"/>
    <class days="0100000" id="320" room="52" start="120" weeks="111111111111111"/>
    <class days="0010000" id="321" room="48" start="192" weeks="111111111111111"/>
    <class days="0001000" id="322" room="51" start="108" weeks="111111111111111"/>
    <class days="0000100" id="323" room="48" start="120" weeks="111111111111111"/>
    <class days="0010000" id="324" room="48" start="168" weeks="111111111111111"/>
    <class days="0001000" id="325" room="48" start="132" weeks="111111111111111"/>
    <class days="1000000" id="326" room="52" start="144" weeks="111111111111111"/>
    <class days="0000100" id="327" room="52" start="156" weeks="111111111111111"/>
    <class days="0010000" id="328" room="17" start="120" weeks="111111111111111"/>
    <class days="0100000" id="329" room="1" start="132" weeks="111111111111111"/>
    <class days="0000100" id="330" room="56" start="144" weeks="111111111111111"/>
    <class days="1000000" id="331" room="37" start="120" weeks="111111111111111"/>
    <class days="0100000" id="332" room="55" start="120" weeks="111111111111111"/>
    <class days="0001000" id="333" room="55" start="120" weeks="111111111111111"/>
    <class days="0010000" id="334" room="3" start="108" weeks="111111111111111"/>
    <class days="0001000" id="335" room="59" start="192" weeks="111111111111111"/>
    <class days="0100000" id="336" room="57" start="156" weeks="111111111111111"/>
    <class days="0100000" id="337" room="46" start="120" weeks="111111111111111"/>
    <class days="0000100" id="338" room="46" start="96" weeks="111111111111111"/>
    <class days="0100000" id="339" room="46" start="96" weeks="111111111111111"/>
    <class days="0000100" id="340" room="18" start="180" weeks="111111111111111"/>
    <class days="0001000" id="341" room="60" start="144" weeks="111111111111111"/>
    <class days="0000100" id="342" room="60" start="120" weeks="111111111111111"/>
    <class days="0100000" id="343" room="60" start="168" weeks="111111111111111"/>
    <class days="0010000" id="344" room="46" start="144" weeks="111111111111111"/>
    <class days="0010000" id="345" room="61" start="132" weeks="111111111111111"/>
    <class days="0010000" id="346" room="62" start="156" weeks="111111111111111"/>
    <class days="0010000" id="347" room="18" start="96" weeks="111111111111111"/>
    <class days="0001000" id="348" room="27" start="108" weeks="111111111111111"/>
    <class days="1000000" id="349" start="144" weeks="111111111111111"/>
    <class days="0000100" id="350" start="96" weeks="111111111111111"/>
    <class days="0010000" id="351" room="62" start="108" weeks="111111111111111"/>
    <class days="0010000" id="352" room="46" start="96" weeks="111111111111111"/>
    <class days="0001000" id="353" room="60" start="96" weeks="111111111111111"/>
    <class days="0000100" id="354" room="60" start="132" weeks="111111111111111"/>
    <class days="1000000" id="355" room="60" start="120" weeks="111111111111111"/>
    <class days="0000100" id="356" room="60" start="108" weeks="111111111111111"/>
    <class days="0010000" id="357" room="60" start="120" weeks="111111111111111"/>
    <class days="0010000" id="358" room="46" start="108" weeks="111111111111111"/>
    <class days="0100000" id="359" room="60" start="120" weeks="111111111111111"/>
    <class days="0010000" id="360" room="60" start="144" weeks="111111111111111"/>
    <class days="0000100" id="361" room="66" start="156" weeks="111111111111111"/>
    <class days="0100000" id="362" room="65" start="108" weeks="111111111111111"/>
    <class days="0000100" id="363" room="60" start="144" weeks="111111111111111"/>
    <class days="0010000" id="364" room="60" start="156" weeks="111111111111111"/>
    <class days="1000000" id="365" room="26" start="168" weeks="111111111111111"/>
    <class days="0001000" id="366" room="17" start="192" weeks="111111111111111"/>
    <class days="0001000" id="367" room="46" start="144" weeks="111111111111111"/>
    <class days="0100000" id="368" room="18" start="132" weeks="111111111111111"/>
    <class days="0010000" id="369" room="65" start="144" weeks="111111111111111"/>
    <class days="0001000" id="370" room="65" start="156" weeks="111111111111111"/>
    <class days="1000000" id="371" room="62" start="180" weeks="111111111111111"/>
    <class days="0010000" id="372" room="62" start="192" weeks="111111111111111"/>
    <class days="0000100" id="373" room="62" start="120" weeks="111111111111111"/>
    <class days="1000000" id="374" room="18" start="144" weeks="111111111111111"/>
    <class days="0010000" id="375" room="66" start="168" weeks="111111111111111"/>
    <class days="0001000" id="376" room="17" start="180" weeks="111111111111111"/>
    <class days="0000100" id="377" start="120" weeks="111111111111111"/>
    <class days="0100000" id="378" start="192" weeks="111111111111111"/>
    <class days="0000100" id="379" room="22" start="108" weeks="111111111111111"/>
    <class days="0001000" id="380" room="22" start="168" weeks="111111111111111"/>
    <class days="1000000" id="381" room="18" start="108" weeks="111111111111111"/>
    <class days="0000100" id="382" room="27" start="132" weeks="111111111111111"/>
    <class days="0010000" id="383" room="18" start="180" weeks="111111111111111"/>
    <class days="0010000" id="384" room="18" start="132" weeks="111111111111111"/>
    <class days="0100000" id="385" room="18" start="168" weeks="111111111111111"/>
    <class days="0000100" id="386" room="18" start="96" weeks="111111111111111"/>
    <class days="0001000" id="387" room="18" start="120" weeks="111111111111111"/>
    <class days="0010000" id="388" room="18" start="120" weeks="111111111111111"/>
    <class days="0001000" id="389" room="62" start="120" weeks="111111111111111"/>
    <class days="0100000" id="390" room="62" start="168" weeks="111111111111111"/>
    <class days="0100000" id="391" room="62" start="180" weeks="111111111111111"/>
    <class days="0001000" id="392" room="18" start="192" weeks="111111111111111"/>
    <class days="0000100" id="393" room="66" start="132" weeks="111111111111111"/>
    <class days="0001000" id="394" room="26" start="120" weeks="111111111111111"/>
    <class days="1000000" id="395" room="46" start="120" weeks="111111111111111"/>
    <class days="1000000" id="396" room="18" start="96" weeks="111111111111111"/>
    <class days="0100000" id="397" room="18" start="144" weeks="111111111111111"/>
    <class days="1000000" id="398" room="62" start="168" weeks="111111111111111"/>
    <class days="1000000" id="399" start="192" weeks="111111111111111"/>
    <class days="0010000" id="400" start="132" weeks="111111111111111"/>
    <class days="0100000" id="401" room="17" start="108" weeks="111111111111111"/>
    <class days="0001000" id="402" room="26" start="96" weeks="111111111111111"/>
    <class days="0010000" id="403" room="26" start="96" weeks="111111111111111"/>
    <class days="0000100" id="404" room="26" start="96" weeks="111111111111111"/>
    <class days="0001000" id="405" room="26" start="144" weeks="111111111111111"/>
    <class days="0100000" id="406" room="26" start="144" weeks="111111111111111"/>
    <class days="0010000" id="407" start="168" weeks="111111111111111"/>
    <class days="1000000" id="408" start="144" weeks="111111111111111"/>
    <class days="0001000" id="409" room="65" start="120" weeks="111111111111111"/>
    <class days="0100000" id="410" room="66" start="120" weeks="111111111111111"/>
    <class days="0001000" id="411" room="66" start="96" weeks="111111111111111"/>
    <class days="1000000" id="412" room="47" start="120" weeks="111111111111111"/>
    <class days="0000100" id="413" room="26" start="120" weeks="111111111111111"/>
    <class days="0001000" id="414" start="120" weeks="111111111111111"/>
    <class days="1000000" id="415" room="22" start="108" weeks="111111111111111"/>
    <class days="0000100" id="416" room="66" start="96" weeks="111111111111111"/>
    <class days="0010000" id="417" room="47" start="120" weeks="111111111111111"/>
    <class days="0010000" id="418" room="26" start="120" weeks="111111111111111"/>
    <class days="0000100" id="419" room="17" start="96" weeks="111111111111111"/>
    <class days="1000000" id="420" room="17" start="96" weeks="111111111111111"/>
    <class days="0001000" id="421" room="26" start="108" weeks="111111111111111"/>
    <class days="1000000" id="422" room="26" start="144" weeks="111111111111111"/>
    <class days="0100000" id="423" room="17" start="96" weeks="111111111111111"/>
    <class days="0000100" id="424" room="17" start="132" weeks="111111111111111"/>
    <class days="0010000" id="425" room="26" start="144" weeks="111111111111111"/>
    <class days="0100000" id="426" room="26" start="156" weeks="111111111111111"/>
    <class days="0100000" id="427" room="26" start="132" weeks="111111111111111"/>
    <class days="0001000" id="428" room="17" start="108" weeks="111111111111111"/>
    <class days="1000000" id="429" room="26" start="132" weeks="111111111111111"/>
    <class days="1000000" id="430" room="49" start="168" weeks="111111111111111"/>
    <class days="0001000" id="431" room="44" start="132" weeks="111111111111111"/>
    <class days="1000000" id="432" room="49" start="132" weeks="111111111111111"/>
    <class days="0001000" id="433" room="49" start="168" weeks="111111111111111"/>
    <class days="0000100" id="434" room="49" start="168" weeks="111111111111111"/>
    <class days="0010000" id="435" room="54" start="108" weeks="111111111111111"/>
    <class days="1000000" id="436" room="54" start="168" weeks="111111111111111"/>
    <class days="0000100" id="437" room="54" start="168" weeks="111111111111111"/>
    <class days="0000100" id="438" room="54" start="132" weeks="111111111111111"/>
    <class days="0010000" id="439" room="54" start="144" weeks="111111111111111"/>
    <class days="1000000" id="440" room="54" start="96" weeks="111111111111111"/>
    <class days="0001000" id="441" room="26" start="168" weeks="111111111111111"/>
    <class days="1000000" id="442" room="17" start="120" weeks="111111111111111"/>
    <class days="0010000" id="443" room="17" start="168" weeks="111111111111111"/>
    <class days="0000100" id="444" room="17" start="156" weeks="111111111111111"/>
    <class days="1000000" id="445" room="17" start="144" weeks="111111111111111"/>
    <class days="0010000" id="446" room="26" start="156" weeks="111111111111111"/>
    <class days="1000000" id="447" room="17" start="168" weeks="111111111111111"/>
    <class days="0100000" id="448" room="49" start="144" weeks="111111111111111"/>
    <class days="0000100" id="449" room="49" start="132" weeks="111111111111111"/>
    <class days="0010000" id="450" room="49" start="144" weeks="111111111111111"/>
    <class days="0100000" id="451" room="17" start="156" weeks="111111111111111"/>
    <class days="0001000" id="452" room="44" start="108" weeks="111111111111111"/>
    <class days="0010000" id="453" room="49" start="96" weeks="111111111111111"/>
    <class days="0001000" id="454" room="49" start="144" weeks="111111111111111"/>
    <class days="0000100" id="455" room="26" start="156" weeks="111111111111111"/>
    <class days="1000000" id="456" room="49" start="96" weeks="111111111111111"/>
    <class days="0001000" id="457" room="49" start="96" weeks="111111111111111"/>
    <class days="0010000" id="458" room="49" start="120" weeks="111111111111111"/>
    <class days="0100000" id="459" room="49" start="168" weeks="111111111111111"/>
    <class days="0100000" id="460" room="49" start="120" weeks="111111111111111"/>
    <class days="0001000" id="461" room="54" start="120" weeks="111111111111111"/>
    <class days="0100000" id="462" room="54" start="144" weeks="111111111111111"/>
    <class days="0001000" id="463" room="54" start="168" weeks="111111111111111"/>
    <class days="0100000" id="464" room="54" start="108" weeks="111111111111111"/>
    <class days="0100000" id="465" room="54" start="168" weeks="111111111111111"/>
    <class days="0010000" id="466" room="44" start="156" weeks="111111111111111"/>
    <class days="0000100" id="467" room="49" start="96" weeks="111111111111111"/>
    <class days="0001000" id="468" start="108" weeks="111111111111111"/>
    <class days="0010000" id="469" start="96" weeks="111111111111111"/>
    <class days="0000100" id="470" room="44" start="108" weeks="111111111111111"/>
    <class days="1000000" id="471" room="44" start="96" weeks="111111111111111"/>
    <class days="0001000" id="472" room="54" start="96" weeks="111111111111111"/>
    <class days="0010000" id="473" room="49" start="168" weeks="111111111111111"/>
    <class days="1000000" id="474" room="53" start="108" weeks="111111111111111"/>
    <class days="0001000" id="475" room="53" start="144" weeks="111111111111111"/>
    <class days="0001000" id="476" room="53" start="168" weeks="111111111111111"/>
    <class days="1000000" id="477" room="53" start="144" weeks="111111111111111"/>
    <class days="0010000" id="478" room="53" start="180" weeks="111111111111111"/>
    <class days="0010000" id="479" room="53" start="144" weeks="111111111111111"/>
    <class days="0010000" id="480" room="53" start="96" weeks="111111111111111"/>
    <class days="0100000" id="481" room="53" start="144" weeks="111111111111111"/>
    <class days="1000000" id="482" room="53" start="168" weeks="111111111111111"/>
    <class days="0010000" id="483" room="53" start="120" weeks="111111111111111"/>
    <class days="0100000" id="484" room="49" start="96" weeks="111111111111111"/>
    <class days="0000100" id="485" room="53" start="96" weeks="111111111111111"/>
    <class days="0100000" id="486" room="53" start="120" weeks="111111111111111"/>
    <class days="0100000" id="487" room="53" start="168" weeks="111111111111111"/>
    <class days="0000100" id="488" room="53" start="120" weeks="111111111111111"/>
    <class days="0000100" id="489" room="53" start="192" weeks="111111111111111"/>
    <class days="0000100" id="490" room="53" start="156" weeks="111111111111111"/>
    <class days="0001000" id="491" room="53" start="120" weeks="111111111111111"/>
    <class days="0001000" id="492" room="53" start="96" weeks="111111111111111"/>
    <class days="0100000" id="493" room="53" start="96" weeks="111111111111111"/>
    <class days="1000000" id="494" start="108" weeks="111111111111111"/>
    <class days="0001000" id="495" start="144" weeks="111111111111111"/>
    <class days="1000000" id="496" room="49" start="210" weeks="111111111111111"/>
    <class days="0010000" id="497" room="21" start="120" weeks="111111111111111"/>
    <class days="0000100" id="498" room="21" start="204" weeks="111111111111111"/>
    <class days="1000000" id="499" room="21" start="132" weeks="111111111111111"/>
    <class days="0100000" id="500" room="21" start="168" weeks="111111111111111"/>
    <class days="0100000" id="501" room="42" start="120" weeks="111111111111111"/>
    <class days="0010000" id="502" room="42" start="96" weeks="111111111111111"/>
    <class days="1000000" id="503" room="24" start="168" weeks="111111111111111"/>
    <class days="0000100" id="504" room="42" start="156" weeks="111111111111111"/>
    <class days="0001000" id="505" room="42" start="120" weeks="111111111111111"/>
    <class days="0001000" id="506" room="24" start="192" weeks="111111111111111"/>
    <class days="0000100" id="507" room="21" start="96" weeks="111111111111111"/>
    <class days="0000100" id="508" room="21" start="144" weeks="111111111111111"/>
    <class days="0100000" id="509" room="41" start="156" weeks="111111111111111"/>
    <class days="0000100" id="510" room="63" start="96" weeks="111111111111111"/>
    <class days="0000100" id="511" room="21" start="120" weeks="111111111111111"/>
    <class days="0010000" id="512" room="63" start="156" weeks="111111111111111"/>
    <class days="0100000" id="513" room="63" start="156" weeks="111111111111111"/>
    <class days="0010000" id="514" room="24" start="144" weeks="111111111111111"/>
    <class days="0000100" id="515" room="25" start="192" weeks="111111111111111"/>
    <class days="0001000" id="516" room="63" start="156" weeks="111111111111111"/>
    <class days="0010000" id="517" room="63" start="168" weeks="111111111111111"/>
    <class days="0010000" id="518" room="27" start="192" weeks="111111111111111"/>
    <class days="0010000" id="519" room="52" start="168" weeks="111111111111111"/>
    <class days="1000000" id="520" room="51" start="132" weeks="111111111111111"/>
    <class days="1000000" id="521" room="50" start="156" weeks="111111111111111"/>
    <class days="0100000" id="522" room="52" start="96" weeks="111111111111111"/>
    <class days="1000000" id="523" room="52" start="168" weeks="111111111111111"/>
    <class days="0010000" id="524" room="52" start="144" weeks="111111111111111"/>
    <class days="0000100" id="525" room="51" start="96" weeks="111111111111111"/>
    <class days="0000100" id="526" room="51" start="132" weeks="111111111111111"/>
    <class days="0001000" id="527" room="27" start="192" weeks="111111111111111"/>
    <class days="0001000" id="528" room="27" start="168" weeks="111111111111111"/>
    <class days="0000100" id="529" room="52" start="192" weeks="111111111111111"/>
    <class days="0100000" id="530" room="52" start="168" weeks="111111111111111"/>
    <class days="1000000" id="531" room="51" start="156" weeks="111111111111111"/>
    <class days="0000100" id="532" room="50" start="168" weeks="111111111111111"/>
    <class days="1000000" id="533" room="51" start="192" weeks="111111111111111"/>
    <class days="1000000" id="534" room="51" start="96" weeks="111111111111111"/>
    <class days="0001000" id="535" room="52" start="156" weeks="111111111111111"/>
    <class days="0010000" id="536" room="50" start="132" weeks="111111111111111"/>
    <class days="0010000" id="537" room="50" start="96" weeks="111111111111111"/>
    <class days="0010000" id="538" room="51" start="168" weeks="111111111111111"/>
    <class days="0010000" id="539" room="52" start="108" weeks="111111111111111"/>
    <class days="0100000" id="540" room="27" start="96" weeks="111111111111111"/>
    <class days="0000100" id="541" room="27" start="96" weeks="111111111111111"/>
    <class days="0010000" id="542" room="27" start="108" weeks="111111111111111"/>
    <class days="0000100" id="543" room="27" start="192" weeks="111111111111111"/>
    <class days="0100000" id="544" room="27" start="132" weeks="111111111111111"/>
    <class days="1000000" id="545" room="27" start="192" weeks="111111111111111"/>
    <class days="0000100" id="546" room="46" start="168" weeks="111111111111111"/>
    <class days="0100000" id="547" room="46" start="156" weeks="111111111111111"/>
    <class days="0001000" id="548" room="19" start="120" weeks="111111111111111"/>
    <class days="0010000" id="549" room="46" start="120" weeks="111111111111111"/>
    <class days="0010000" id="550" room="60" start="108" weeks="111111111111111"/>
    <class days="0000100" id="551" room="19" start="108" weeks="111111111111111"/>
    <class days="0100000" id="552" room="42" start="96" weeks="111111111111111"/>
    <class days="0010000" id="553" room="41" start="96" weeks="111111111111111"/>
    <class days="1000000" id="554" room="42" start="120" weeks="111111111111111"/>
    <class days="0100000" id="555" room="42" start="192" weeks="111111111111111"/>
    <class days="0000100" id="556" room="42" start="180" weeks="111111111111111"/>
    <class days="0001000" id="557" room="42" start="108" weeks="111111111111111"/>
    <class days="0001000" id="558" room="25" start="168" weeks="111111111111111"/>
    <class days="1000000" id="559" room="23" start="168" weeks="111111111111111"/>
    <class days="1000000" id="560" room="23" start="96" weeks="111111111111111"/>
    <class days="0000100" id="561" room="23" start="108" weeks="111111111111111"/>
    <class days="0001000" id="562" room="60" start="120" weeks="111111111111111"/>
    <class days="0100000" id="563" room="46" start="144" weeks="111111111111111"/>
    <class days="0010000" id="564" room="19" start="96" weeks="111111111111111"/>
    <class days="1000000" id="565" room="46" start="96" weeks="111111111111111"/>
    <class days="1000000" id="566" room="46" start="204" weeks="111111111111111"/>
    <class days="1000000" id="567" room="19" start="144" weeks="111111111111111"/>
    <class days="0100000" id="568" room="24" start="96" weeks="111111111111111"/>
    <class days="0010000" id="569" room="24" start="156" weeks="111111111111111"/>
    <class days="0010000" id="570" room="23" start="96" weeks="111111111111111"/>
    <class days="0100000" id="571" room="21" start="204" weeks="111111111111111"/>
    <class days="0001000" id="572" room="21" start="180" weeks="111111111111111"/>
    <class days="0010000" id="573" room="42" start="168" weeks="111111111111111"/>
    <class days="0000100" id="574" room="42" start="120" weeks="111111111111111"/>
    <class days="0100000" id="575" room="20" start="168" weeks="111111111111111"/>
    <class days="0000100" id="576" room="23" start="168" weeks="111111111111111"/>
    <class days="0010000" id="577" room="23" start="168" weeks="111111111111111"/>
    <class days="1000000" id="578" room="24" start="120" weeks="111111111111111"/>
    <class days="0001000" id="579" room="24" start="132" weeks="111111111111111"/>
    <class days="1000000" id="580" room="42" start="96" weeks="111111111111111"/>
    <class days="0001000" id="581" room="42" start="156" weeks="111111111111111"/>
    <class days="0000100" id="582" room="24" start="108" weeks="111111111111111"/>
    <class days="0001000" id="583" room="24" start="180" weeks="111111111111111"/>
    <class days="0001000" id="584" room="21" start="156" weeks="111111111111111"/>
    <class days="0100000" id="585" room="21" start="156" weeks="111111111111111"/>
    <class days="0100000" id="586" room="24" start="120" weeks="111111111111111"/>
    <class days="1000000" id="587" room="24" start="180" weeks="111111111111111"/>
    <class days="0010000" id="588" room="21" start="144" weeks="111111111111111"/>
    <class days="0000100" id="589" room="24" start="168" weeks="111111111111111"/>
    <class days="0001000" id="590" room="41" start="120" weeks="111111111111111"/>
    <class days="1000000" id="591" room="21" start="96" weeks="111111111111111"/>
    <class days="1000000" id="592" room="21" start="204" weeks="111111111111111"/>
    <class days="0100000" id="593" room="21" start="120" weeks="111111111111111"/>
    <class days="0010000" id="594" room="21" start="192" weeks="111111111111111"/>
    <class days="0000100" id="595" room="21" start="108" weeks="111111111111111"/>
    <class days="0001000" id="596" room="21" start="132" weeks="111111111111111"/>
    <class days="0100000" id="597" room="21" start="180" weeks="111111111111111"/>
    <class days="1000000" id="598" room="24" start="192" weeks="111111111111111"/>
    <class days="0001000" id="599" room="21" start="108" weeks="111111111111111"/>
    <class days="0100000" id="600" room="21" start="144" weeks="111111111111111"/>
    <class days="0100000" id="601" room="21" start="96" weeks="111111111111111"/>
    <class days="1000000" id="602" room="21" start="156" weeks="111111111111111"/>
    <class days="0001000" id="603" room="21" start="96" weeks="111111111111111"/>
    <class days="0100000" id="604" room="23" start="168" weeks="111111111111111"/>
    <class days="0010000" id="605" room="41" start="168" weeks="111111111111111"/>
    <class days="1000000" id="606" room="44" start="180" weeks="111111111111111"/>
    <class days="0100000" id="607" room="44" start="108" weeks="111111111111111"/>
    <class days="0010000" id="608" room="42" start="108" weeks="111111111111111"/>
    <class days="0100000" id="609" room="24" start="156" weeks="111111111111111"/>
    <class days="1000000" id="610" room="42" start="180" weeks="111111111111111"/>
    <class days="0100000" id="611" room="24" start="180" weeks="111111111111111"/>
    <class days="0001000" id="612" room="42" start="168" weeks="111111111111111"/>
    <class days="0001000" id="613" room="42" start="132" weeks="111111111111111"/>
    <class days="0001000" id="614" room="23" start="156" weeks="111111111111111"/>
    <class days="1000000" id="615" room="24" start="144" weeks="111111111111111"/>
    <class days="1000000" id="616" room="24" start="96" weeks="111111111111111"/>
    <class days="0100000" id="617" room="42" start="144" weeks="111111111111111"/>
    <class days="0010000" id="618" room="42" start="120" weeks="111111111111111"/>
    <class days="0000100" id="619" room="18" start="156" weeks="111111111111111"/>
    <class days="0000100" id="620" room="42" start="108" weeks="111111111111111"/>
    <class days="0100000" id="621" room="24" start="192" weeks="111111111111111"/>
    <class days="0000100" id="622" room="24" start="96" weeks="111111111111111"/>
    <class days="0001000" id="623" room="24" start="108" weeks="111111111111111"/>
    <class days="1000000" id="624" room="42" start="144" weeks="111111111111111"/>
    <class days="1000000" id="625" room="41" start="168" weeks="111111111111111"/>
    <class days="0000100" id="626" room="41" start="108" weeks="111111111111111"/>
    <class days="0010000" id="627" room="24" start="120" weeks="111111111111111"/>
    <class days="0010000" id="628" room="63" start="204" weeks="111111111111111"/>
    <class days="0100000" id="629" room="63" start="180" weeks="111111111111111"/>
    <class days="0010000" id="630" room="24" start="96" weeks="111111111111111"/>
    <class days="0010000" id="631" room="24" start="168" weeks="111111111111111"/>
    <class days="0000100" id="632" room="24" start="144" weeks="111111111111111"/>
    <class days="1000000" id="633" room="21" start="108" weeks="111111111111111"/>
    <class days="0100000" id="634" room="24" start="144" weeks="111111111111111"/>
    <class days="0000100" id="635" room="21" start="168" weeks="111111111111111"/>
    <class days="0000100" id="636" room="63" start="144" weeks="111111111111111"/>
    <class days="1000000" id="637" room="63" start="108" weeks="111111111111111"/>
    <class days="1000000" id="638" room="63" start="156" weeks="111111111111111"/>
    <class days="1000000" id="639" room="63" start="96" weeks="111111111111111"/>
    <class days="0010000" id="640" room="63" start="132" weeks="111111111111111"/>
    <class days="0001000" id="641" room="63" start="180" weeks="111111111111111"/>
    <class days="0001000" id="642" room="63" start="108" weeks="111111111111111"/>
    <class days="0100000" id="643" room="63" start="96" weeks="111111111111111"/>
    <class days="0001000" id="644" room="63" start="144" weeks="111111111111111"/>
    <class days="0001000" id="645" room="63" start="96" weeks="111111111111111"/>
    <class days="1000000" id="646" room="63" start="132" weeks="111111111111111"/>
    <class days="0001000" id="647" room="63" start="120" weeks="111111111111111"/>
    <class days="1000000" id="648" room="63" start="180" weeks="111111111111111"/>
    <class days="0001000" id="649" room="63" start="168" weeks="111111111111111"/>
    <class days="0100000" id="650" room="63" start="132" weeks="111111111111111"/>
    <class days="0000100" id="651" room="63" start="108" weeks="111111111111111"/>
    <class days="1000000" id="652" room="63" start="168" weeks="111111111111111"/>
    <class days="0010000" id="653" room="63" start="96" weeks="111111111111111"/>
    <class days="0100000" id="654" room="63" start="120" weeks="111111111111111"/>
    <class days="0000100" id="655" room="63" start="180" weeks="111111111111111"/>
    <class days="0010000" id="656" room="63" start="120" weeks="111111111111111"/>
    <class days="0000100" id="657" start="210" weeks="111111111111111"/>
    <class days="0001000" id="658" start="210" weeks="111111111111111"/>
    <class days="0010000" id="659" start="210" weeks="111111111111111"/>
    <class days="1000000" id="660" start="210" weeks="111111111111111"/>
    <class days="0100000" id="661" start="210" weeks="111111111111111"/>
    <class days="1000000" id="662" room="60" start="144" weeks="111111111111111"/>
    <class days="0000100" id="663" room="60" start="96" weeks="111111111111111"/>
    <class days="1000000" id="664" room="46" start="144" weeks="111111111111111"/>
    <class days="0000100" id="665" room="46" start="156" weeks="111111111111111"/>
    <class days="0001000" id="666" room="46" start="120" weeks="111111111111111"/>
    <class days="0000100" id="667" room="62" start="180" weeks="111111111111111"/>
    <class days="0100000" id="668" room="61" start="168" weeks="111111111111111"/>
    <class days="0000100" id="669" room="27" start="168" weeks="111111111111111"/>
    <class days="1000000" id="670" room="46" start="168" weeks="111111111111111"/>
    <class days="0000100" id="671" room="46" start="144" weeks="111111111111111"/>
    <class days="0010000" id="672" room="65" start="108" weeks="111111111111111"/>
    <class days="0010000" id="673" start="132" weeks="111111111111111"/>
    <class days="1000000" id="674" room="60" start="168" weeks="111111111111111"/>
    <class days="0100000" id="675" room="60" start="144" weeks="111111111111111"/>
    <class days="0010000" id="676" room="66" start="132" weeks="111111111111111"/>
    <class days="1000000" id="677" room="65" start="192" weeks="111111111111111"/>
    <class days="0000100" id="678" room="18" start="120" weeks="111111111111111"/>
    <class days="0000100" id="679" room="18" start="144" weeks="111111111111111"/>
    <class days="0100000" id="680" room="66" start="156" weeks="111111111111111"/>
    <class days="0000100" id="681" room="65" start="96" weeks="111111111111111"/>
    <class days="0010000" id="682" room="18" start="156" weeks="111111111111111"/>
    <class days="0001000" id="683" room="42" start="96" weeks="111111111111111"/>
    <class days="0000100" id="684" room="61" start="120" weeks="111111111111111"/>
    <class days="0100000" id="685" room="61" start="192" weeks="111111111111111"/>
    <class days="1000000" id="686" room="42" start="156" weeks="111111111111111"/>
    <class days="0001000" id="687" room="61" start="156" weeks="111111111111111"/>
    <class days="0010000" id="688" room="65" start="168" weeks="111111111111111"/>
    <class days="1000000" id="689" room="65" start="144" weeks="111111111111111"/>
    <class days="0001000" id="690" room="46" start="96" weeks="111111111111111"/>
    <class days="0100000" id="691" room="46" start="180" weeks="111111111111111"/>
    <class days="0100000" id="692" room="27" start="168" weeks="111111111111111"/>
    <class days="0001000" id="693" room="18" start="96" weeks="111111111111111"/>
    <class days="0000100" id="694" room="46" start="108" weeks="111111111111111"/>
    <class days="0010000" id="695" room="27" start="168" weeks="111111111111111"/>
    <class days="0000100" id="696" room="42" start="144" weeks="111111111111111"/>
    <class days="1000000" id="697" room="65" start="120" weeks="111111111111111"/>
    <class days="0100000" id="698" room="65" start="132" weeks="111111111111111"/>
    <class days="0100000" id="699" room="18" start="96" weeks="111111111111111"/>
    <class days="0100000" id="700" room="26" start="96" weeks="111111111111111"/>
    <class days="0010000" id="701" room="66" start="96" weeks="111111111111111"/>
    <class days="1000000" id="702" room="66" start="108" weeks="111111111111111"/>
    <class days="1000000" id="703" room="66" start="168" weeks="111111111111111"/>
    <class days="0010000" id="704" room="33" start="96" weeks="111111111111111"/>
    <class days="0001000" id="705" room="3" start="108" weeks="111111111111111"/>
    <class days="0010000" id="706" room="33" start="168" weeks="111111111111111"/>
    <class days="0001000" id="707" room="61" start="168" weeks="111111111111111"/>
    <class days="0000100" id="708" room="62" start="96" weeks="111111111111111"/>
    <class days="0000100" id="709" room="36" start="120" weeks="111111111111111"/>
    <class days="0010000" id="710" room="59" start="96" weeks="111111111111111"/>
    <class days="0100000" id="711" room="59" start="132" weeks="111111111111111"/>
    <class days="1000000" id="712" room="59" start="120" weeks="111111111111111"/>
    <class days="0010000" id="713" room="59" start="192" weeks="111111111111111"/>
    <class days="0000100" id="714" room="59" start="120" weeks="111111111111111"/>
    <class days="0010000" id="715" room="55" start="96" weeks="111111111111111"/>
    <class days="0001000" id="716" room="55" start="168" weeks="111111111111111"/>
    <class days="0100000" id="717" room="36" start="168" weeks="111111111111111"/>
    <class days="1000000" id="718" room="62" start="120" weeks="111111111111111"/>
    <class days="0010000" id="719" room="61" start="144" weeks="111111111111111"/>
    <class days="0000100" id="720" room="3" start="120" weeks="111111111111111"/>
    <class days="1000000" id="721" room="61" start="144" weeks="111111111111111"/>
    <class days="0000100" id="722" room="61" start="108" weeks="111111111111111"/>
    <class days="1000000" id="723" room="33" start="96" weeks="111111111111111"/>
    <class days="0001000" id="724" room="59" start="144" weeks="111111111111111"/>
    <class days="1000000" id="725" room="59" start="108" weeks="111111111111111"/>
    <class days="0000100" id="726" room="59" start="180" weeks="111111111111111"/>
    <class days="0100000" id="727" room="57" start="120" weeks="111111111111111"/>
    <class days="0001000" id="728" room="61" start="180" weeks="111111111111111"/>
    <class days="0100000" id="729" room="61" start="96" weeks="111111111111111"/>
    <class days="0000100" id="730" room="33" start="120" weeks="111111111111111"/>
    <class days="1000000" id="731" room="61" start="180" weeks="111111111111111"/>
    <class days="0010000" id="732" room="59" start="168" weeks="111111111111111"/>
    <class days="0000100" id="733" room="55" start="168" weeks="111111111111111"/>
    <class days="0010000" id="734" room="59" start="120" weeks="111111111111111"/>
    <class days="0000100" id="735" room="62" start="108" weeks="111111111111111"/>
    <class days="1000000" id="736" room="38" start="120" weeks="111111111111111"/>
    <class days="0000100" id="737" room="1" start="144" weeks="111111111111111"/>
    <class days="0000100" id="738" room="1" start="132" weeks="111111111111111"/>
    <class days="0001000" id="739" room="29" start="108" weeks="111111111111111"/>
    <class days="0001000" id="740" room="59" start="96" weeks="111111111111111"/>
    <class days="1000000" id="741" room="62" start="156" weeks="111111111111111"/>
    <class days="0010000" id="742" room="62" start="180" weeks="111111111111111"/>
    <class days="0001000" id="743" room="59" start="180" weeks="111111111111111"/>
    <class days="0010000" id="744" room="59" start="132" weeks="111111111111111"/>
    <class days="0010000" id="745" room="34" start="168" weeks="111111111111111"/>
    <class days="0100000" id="746" room="59" start="180" weeks="111111111111111"/>
    <class days="0000100" id="747" room="59" start="144" weeks="111111111111111"/>
    <class days="0001000" id="748" room="32" start="120" weeks="111111111111111"/>
    <class days="0000100" id="749" room="59" start="132" weeks="111111111111111"/>
    <class days="0100000" id="750" room="59" start="168" weeks="111111111111111"/>
    <class days="0001000" id="751" room="29" start="168" weeks="111111111111111"/>
    <class days="0001000" id="752" room="59" start="132" weeks="111111111111111"/>
    <class days="0000100" id="753" room="59" start="96" weeks="111111111111111"/>
    <class days="0000100" id="754" room="32" start="168" weeks="111111111111111"/>
    <class days="0001000" id="755" room="1" start="144" weeks="111111111111111"/>
    <class days="0000100" id="756" room="59" start="108" weeks="111111111111111"/>
    <class days="0010000" id="757" room="35" start="96" weeks="111111111111111"/>
    <class days="0010000" id="758" room="59" start="144" weeks="111111111111111"/>
    <class days="0100000" id="759" room="59" start="96" weeks="111111111111111"/>
    <class days="1000000" id="760" room="59" start="156" weeks="111111111111111"/>
    <class days="0000100" id="761" room="59" start="156" weeks="111111111111111"/>
    <class days="0100000" id="762" room="29" start="120" weeks="111111111111111"/>
    <class days="0100000" id="763" room="30" start="168" weeks="111111111111111"/>
    <class days="0001000" id="764" room="4" start="168" weeks="111111111111111"/>
    <class days="0010000" id="765" room="67" start="96" weeks="111111111111111"/>
    <class days="1000000" id="766" room="5" start="168" weeks="111111111111111"/>
    <class days="0000100" id="767" start="108" weeks="111111111111111"/>
    <class days="0000100" id="768" start="168" weeks="111111111111111"/>
    <class days="0100000" id="769" room="30" start="96" weeks="111111111111111"/>
    <class days="0100000" id="770" room="30" start="132" weeks="111111111111111"/>
    <class days="0001000" id="771" room="30" start="132" weeks="111111111111111"/>
    <class days="0001000" id="772" room="30" start="168" weeks="111111111111111"/>
    <class days="1000000" id="773" room="30" start="96" weeks="111111111111111"/>
    <class days="1000000" id="774" room="30" start="168" weeks="111111111111111"/>
    <class days="0010000" id="775" room="30" start="96" weeks="111111111111111"/>
    <class days="0010000" id="776" room="67" start="168" weeks="111111111111111"/>
    <class days="0001000" id="777" room="30" start="96" weeks="111111111111111"/>
    <class days="0001000" id="778" room="33" start="168" weeks="111111111111111"/>
    <class days="1000000" id="779" room="30" start="120" weeks="111111111111111"/>
    <class days="1000000" id="780" room="2" start="168" weeks="111111111111111"/>
    <class days="0000100" id="781" start="168" weeks="111111111111111"/>
    <class days="0000100" id="782" start="108" weeks="111111111111111"/>
</solution>
