fes;time;f
1;47;641
9;62;640
12;62;637
20;62;635
23;78;634
25;78;632
35;78;629
36;78;625
37;78;622
39;78;621
47;94;619
49;94;616
50;94;615
53;94;614
74;109;611
94;125;610
97;125;604
101;125;603
103;125;602
104;125;600
106;125;599
116;141;598
117;141;597
122;141;596
123;141;595
124;141;594
127;141;592
133;141;589
142;156;588
149;156;582
152;156;581
156;156;576
163;156;574
167;172;572
168;172;571
170;172;568
186;172;567
188;172;565
194;172;564
197;172;563
198;172;561
203;187;559
220;187;558
229;187;556
232;187;555
237;203;554
238;203;552
240;203;549
250;203;548
253;203;546
256;203;545
261;203;543
264;203;542
269;219;540
271;219;538
273;219;536
277;219;535
279;219;534
284;219;532
287;219;529
288;219;527
300;234;525
302;234;524
306;234;522
312;234;520
315;234;519
316;234;517
320;234;516
321;234;512
333;234;511
337;250;509
341;250;508
351;250;505
352;250;502
353;250;501
354;250;500
358;250;499
362;250;498
363;250;497
372;250;496
381;265;494
384;265;493
387;265;491
388;265;488
392;265;487
397;265;486
398;265;485
404;265;484
406;265;483
409;281;482
419;281;481
420;281;480
423;281;478
431;281;477
439;281;476
447;297;475
448;297;474
451;297;473
456;297;472
460;297;471
471;297;470
475;297;467
487;312;465
491;312;463
498;312;462
523;328;461
529;328;459
533;328;457
539;328;456
544;328;455
552;344;454
559;344;453
566;344;451
576;344;450
578;344;446
583;344;443
594;359;441
596;359;440
600;359;437
604;359;436
611;359;435
634;375;433
637;375;431
642;375;430
645;375;428
653;375;427
656;375;426
667;390;423
674;390;421
691;390;420
694;390;419
704;406;418
710;406;417
718;406;412
723;406;411
730;406;410
751;422;408
753;422;407
758;422;406
761;422;405
772;422;404
784;437;402
791;437;401
795;437;400
798;437;399
810;437;398
817;453;397
824;453;395
825;453;393
828;453;392
847;469;389
852;469;387
854;469;386
859;469;384
861;469;383
871;469;382
879;484;381
880;484;380
893;484;378
901;484;376
908;484;375
909;484;373
913;500;372
916;500;371
940;500;370
945;500;369
948;500;368
958;515;367
983;515;366
995;531;365
998;531;364
1000;531;363
1003;531;362
1005;531;360
1006;531;359
1011;531;358
1020;531;356
1038;547;355
1061;562;354
1064;562;352
1085;562;350
1086;562;349
1098;578;348
1105;578;347
1111;578;346
1126;578;345
1135;578;344
1138;594;343
1155;594;342
1165;594;341
1174;609;340
1176;609;339
1191;609;338
1213;625;337
1222;625;335
1225;625;333
1228;625;332
1234;625;331
1247;640;330
1251;640;329
1260;640;327
1272;640;326
1276;640;325
1279;640;324
1286;656;323
1289;656;322
1293;656;321
1295;656;320
1299;656;319
1309;656;318
1313;656;317
1337;672;316
1339;672;315
1343;672;313
1358;687;312
1360;687;311
1380;687;308
1383;687;307
1393;687;305
1426;703;304
1444;719;303
1450;719;302
1462;719;300
1467;734;299
1470;734;298
1492;734;297
1494;734;296
1515;750;295
1517;750;293
1535;750;291
1547;765;290
1549;765;289
1557;765;286
1560;765;285
1580;781;284
1582;781;283
1601;781;282
1633;797;281
1660;812;278
1661;812;277
1666;812;276
1674;812;275
1681;828;274
1685;828;273
1733;843;272
1742;843;271
1749;859;270
1771;859;268
1801;875;267
1814;875;266
1827;890;265
1832;890;264
1860;906;263
1865;906;262
1870;906;261
1884;906;260
1908;922;259
1916;922;258
1925;922;257
1936;922;256
1959;937;255
1987;953;254
2012;968;253
2016;968;252
2019;968;250
2021;968;249
2031;968;248
2034;968;247
2041;968;245
2043;968;244
2075;984;243
2086;1000;242
2093;1000;241
2099;1000;240
2110;1000;239
2123;1015;238
2201;1047;237
2223;1047;236
2248;1062;235
2270;1078;234
2306;1093;233
2367;1109;232
2370;1109;231
2373;1109;230
2423;1140;229
2429;1140;228
2433;1140;226
2442;1140;225
2446;1140;224
2447;1140;223
2484;1156;222
2531;1187;221
2547;1187;220
2564;1203;219
2612;1218;218
2613;1218;217
2647;1234;216
2652;1234;215
2673;1250;214
2689;1250;213
2690;1250;212
2691;1250;210
2788;1297;209
2833;1312;208
2874;1328;207
2890;1328;206
2895;1343;205
2936;1359;204
2944;1359;203
3036;1390;202
3047;1406;200
3054;1406;199
3056;1406;198
3087;1421;197
3107;1421;196
3140;1437;195
3212;1468;194
3278;1500;193
3289;1500;192
3330;1515;191
3335;1515;190
3338;1515;189
3392;1546;188
3395;1546;187
3435;1562;186
3466;1578;185
3486;1578;184
3534;1593;183
3580;1625;182
3597;1625;181
3666;1656;180
3713;1671;179
3740;1687;178
3748;1687;177
3809;1718;176
3879;1750;174
3902;1750;172
3980;1781;171
4016;1796;170
4069;1828;169
4141;1843;168
4176;1859;167
4229;1890;166
4233;1890;165
4285;1906;164
4354;1937;163
4357;1937;162
4363;1937;161
4444;1968;160
4474;1984;159
4515;1999;158
4517;1999;157
4560;2015;156
4587;2031;155
4617;2046;154
4741;2093;153
4792;2109;152
4795;2124;151
4808;2124;150
4867;2140;149
4882;2156;148
4980;2187;147
4981;2187;146
5021;2203;145
5022;2203;144
5139;2249;143
5242;2296;142
5282;2312;141
5293;2312;140
5302;2328;139
5312;2328;138
5326;2328;137
5358;2343;136
5477;2390;135
5530;2421;134
5564;2437;133
5578;2437;132
5583;2437;131
5595;2452;130
5612;2455;129
5780;2518;128
5783;2533;127
5961;2596;126
5977;2612;125
6022;2627;124
6029;2627;123
6052;2643;122
6057;2643;121
6260;2721;120
6262;2737;119
6292;2737;118
6327;2752;117
6355;2768;116
6387;2783;115
6447;2799;114
6461;2815;113
6487;2830;112
6532;2846;110
6615;2877;109
6649;2893;108
6728;2924;107
6730;2924;106
6818;2971;105
6948;3018;104
7201;3127;103
7207;3127;102
7208;3127;101
7222;3127;100
7261;3143;99
7296;3158;98
7300;3158;97
7358;3190;96
7438;3221;95
7600;3283;94
7797;3361;93
7919;3424;92
8265;3549;91
8266;3549;90
8424;3611;89
8432;3627;88
8466;3643;87
8479;3643;86
8766;3768;85
8772;3768;84
8873;3814;83
8941;3846;82
9056;3893;81
9269;3971;80
9381;4017;79
9386;4017;78
9476;4064;77
9893;4236;76
9998;4267;75
10835;4611;74
11178;4754;73
11180;4754;72
11233;4770;71
11386;4832;70
11562;4910;69
11735;4973;68
12152;5144;67
12158;5144;66
12430;5254;65
12573;5316;64
12788;5410;63
13252;5597;62
13256;5597;61
13269;5597;60
13674;5769;59
13896;5847;58
14131;5957;57
14516;6097;56
14851;6238;55
15236;6394;54
15279;6410;53
15629;6550;52
15839;6644;51
15907;6660;50
16067;6722;49
17209;7191;48
17453;7285;47
18127;7568;46
18134;7568;45
18300;7630;44
18342;7662;43
18356;7662;42
18831;7849;41
19452;8106;40
20306;8450;39
20662;8591;38
20773;8638;37
20807;8653;36
20957;8716;35
22456;9309;34
22607;9372;33
23153;9590;32
23299;9653;31
24657;10200;30
25121;10387;29
29391;12121;28
31232;12890;27
32527;13405;26
33294;13718;25
34621;14248;24
39917;16389;22
40331;16545;21
41951;17201;20
47070;19267;19
49285;20141;18
52255;21360;17
54080;22114;16
55158;22569;15
55385;22647;14
56229;23007;13
58483;23928;12
60705;24834;11
62916;25740;10
67187;27477;9
69077;28227;8
89673;36592;7
109271;44502;6
132923;54110;5
195765;79848;4
201011;81988;3
410740;167353;2
673900;274447;1
7521121;3010878;-2147386107
7521225;3010925;-2147386111
7521347;3010987;-2147386115
7521421;3011019;-2147386119
7521474;3011034;-2147386163
7521530;3011050;-2147386167
7521558;3011066;-2147386171
7521655;3011112;-2147386175
7521670;3011112;-2147386179
7521842;3011175;-2147386183
7521898;3011206;-2147386187
7521940;3011222;-2147386191
7522107;3011284;-2147386195
7522183;3011315;-2147386355
7522256;3011347;-2147386358
7522259;3011347;-2147386361
7522288;3011362;-2147386365
7522293;3011362;-2147386369
7522320;3011378;-2147386525
7522424;3011425;-2147386526
7522444;3011425;-2147386530
7522503;3011456;-2147386540
7522519;3011456;-2147386544
7522536;3011456;-2147386584
7522566;3011472;-2147386588
7522586;3011487;-2147386592
7522627;3011503;-2147386596
7522642;3011503;-2147386679
7522671;3011519;-2147386719
7522689;3011519;-2147386879
7522713;3011534;-2147386883
7522773;3011565;-2147387039
7522792;3011565;-2147387043
7522794;3011565;-2147387047
7522831;3011581;-2147387051
7522839;3011581;-2147387054
7522895;3011612;-2147387058
7522914;3011612;-2147387062
7522916;3011612;-2147387066
7522938;3011628;-2147387070
7523011;3011659;-2147387074
7523042;3011675;-2147387111
7523220;3011737;-2147387195
7523230;3011737;-2147387205
7523279;3011768;-2147387245
7523304;3011768;-2147387249
7523313;3011784;-2147387253
7523353;3011800;-2147387293
7523503;3011862;-2147387297
7523630;3011909;-2147387301
7523700;3011940;-2147387341
7523719;3011940;-2147387447
7523738;3011956;-2147387491
7523744;3011956;-2147387494
7523754;3011956;-2147387498
7523821;3011987;-2147387541
7523912;3012018;-2147387545
7524037;3012065;-2147387549
7524067;3012081;-2147387588
7524186;3012128;-2147387631
7524197;3012128;-2147387635
7524230;3012143;-2147387675
7524251;3012159;-2147387679
7524260;3012159;-2147387683
7524263;3012159;-2147387687
7524267;3012159;-2147387847
7524295;3012175;-2147388007
7524328;3012190;-2147388046
7524362;3012206;-2147388050
7524368;3012206;-2147388051
7524430;3012237;-2147388090
7524526;3012268;-2147388130
7524582;3012300;-2147388134
7524585;3012300;-2147388164
7524625;3012315;-2147388168
7524648;3012315;-2147388172
7524735;3012362;-2147388176
7524770;3012378;-2147388336
7524851;3012407;-2147388379
7525122;3012516;-2147388383
7525253;3012579;-2147388543
7525333;3012610;-2147388547
7525405;3012641;-2147388551
7525660;3012751;-2147388660
7525837;3012813;-2147388696
7525887;3012844;-2147388700
7525993;3012875;-2147388704
7526097;3012922;-2147388744
7526192;3012969;-2147388748
7526220;3012969;-2147388752
7526298;3013000;-2147388912
7526325;3013016;-2147388948
7526366;3013032;-2147388988
7526492;3013094;-2147389032
7526514;3013094;-2147389068
7526716;3013188;-2147389069
7526721;3013188;-2147389073
7526953;3013282;-2147389113
7526972;3013297;-2147389119
7527007;3013313;-2147389228
7527015;3013313;-2147389229
7527112;3013344;-2147389233
7527177;3013375;-2147389273
7527185;3013375;-2147389285
7527223;3013391;-2147389445
7527229;3013391;-2147389448
7527316;3013438;-2147389452
7527576;3013533;-2147389456
7527612;3013549;-2147389562
7527653;3013564;-2147389608
7527676;3013580;-2147389754
7527779;3013627;-2147389758
7527942;3013689;-2147389762
7528019;3013720;-2147389801
7528162;3013767;-2147389805
7528549;3013939;-2147389809
7528592;3013955;-2147389813
7528787;3014033;-2147389853
7528903;3014080;-2147390013
7528915;3014080;-2147390169
7528965;3014095;-2147390329
7529123;3014158;-2147390333
7529179;3014189;-2147390337
7529181;3014189;-2147390377
7529216;3014205;-2147390421
7529350;3014251;-2147390425
7529364;3014267;-2147390429
7529481;3014314;-2147390433
7529877;3014470;-2147390437
7529985;3014517;-2147390441
7530190;3014595;-2147390457
7530210;3014611;-2147390461
7530507;3014720;-2147390465
7530991;3014923;-2147390509
7531078;3014954;-2147390513
7531200;3015001;-2147390517
7531424;3015095;-2147390523
7531465;3015111;-2147390533
7531531;3015142;-2147390537
7531538;3015142;-2147390697
7531575;3015158;-2147390853
7531581;3015158;-2147390856
7531655;3015189;-2147390860
7531662;3015189;-2147390864
7531974;3015332;-2147390868
7531997;3015332;-2147390908
7532021;3015347;-2147391036
7532205;3015425;-2147391076
7532270;3015457;-2147391080
7532483;3015535;-2147391084
7532532;3015566;-2147391244
7532615;3015597;-2147391248
7532759;3015644;-2147391249
7532972;3015738;-2147391289
7533124;3015800;-2147391293
7533135;3015800;-2147391297
7533223;3015831;-2147391457
7533253;3015847;-2147391496
7533256;3015847;-2147391500
7533491;3015956;-2147391530
7533530;3015972;-2147391534
7533544;3015972;-2147391690
7533680;3016019;-2147391691
7533807;3016081;-2147391695
7533894;3016113;-2147391699
7533905;3016113;-2147391703
7533978;3016144;-2147391863
7534062;3016175;-2147392023
7534098;3016191;-2147392027
7534373;3016300;-2147392031
7534384;3016300;-2147392034
7534475;3016347;-2147392078
7534621;3016394;-2147392082
7534781;3016472;-2147392122
7535131;3016613;-2147392278
7535231;3016659;-2147392282
7535284;3016675;-2147392442
7535469;3016753;-2147392481
7535584;3016800;-2147392485
7535734;3016862;-2147392489
7535755;3016862;-2147392493
7535785;3016878;-2147392649
7535914;3016941;-2147392809
7535964;3016956;-2147392812
7536100;3017019;-2147392816
7536195;3017050;-2147392820
7536384;3017128;-2147392824
7536412;3017144;-2147392828
7536603;3017222;-2147392832
7536903;3017347;-2147392836
7537162;3017456;-2147392996
7537396;3017550;-2147393036
7537615;3017628;-2147393192
7537762;3017690;-2147393356
7537892;3017737;-2147393366
7538182;3017862;-2147393370
7538485;3017987;-2147393374
7538577;3018034;-2147393384
7539000;3018206;-2147393388
7539045;3018222;-2147393428
7539259;3018315;-2147393429
7539586;3018440;-2147393433
7539658;3018471;-2147393473
7539736;3018503;-2147393513
7540132;3018659;-2147393514
7540578;3018831;-2147393558
7541059;3019034;-2147393562
7541110;3019049;-2147393568
7541205;3019096;-2147393572
7541510;3019221;-2147393732
7542114;3019456;-2147393736
7542168;3019487;-2147393772
7542185;3019487;-2147393776
7542677;3019690;-2147393812
7542829;3019752;-2147393816
7543070;3019862;-2147393972
7543087;3019862;-2147394008
7543256;3019940;-2147394018
7543497;3020034;-2147394178
7543696;3020112;-2147394334
7543816;3020159;-2147394338
7543847;3020174;-2147394374
7544263;3020349;-2147394534
7544541;3020458;-2147394535
7544742;3020536;-2147394539
7545267;3020755;-2147394575
7545354;3020786;-2147394579
7545356;3020786;-2147394615
7545399;3020802;-2147394775
7545458;3020833;-2147394779
7545543;3020864;-2147394783
7546319;3021192;-2147394787
7546869;3021411;-2147394947
7546991;3021458;-2147394986
7547585;3021692;-2147394990
7548328;3022004;-2147395146
7548352;3022004;-2147395150
7548660;3022129;-2147395186
7548800;3022192;-2147395190
7549341;3022411;-2147395350
7549465;3022457;-2147395354
7549582;3022504;-2147395514
7549771;3022582;-2147395517
7550219;3022770;-2147395547
7550415;3022848;-2147395693
7550536;3022895;-2147395697
7550613;3022926;-2147395701
7551034;3023098;-2147395707
7551159;3023145;-2147395863
7551486;3023286;-2147395899
7551832;3023427;-2147395900
7552512;3023708;-2147395930
7552544;3023724;-2147395970
7552640;3023755;-2147396013
7554140;3024380;-2147396052
7554200;3024395;-2147396096
7554427;3024489;-2147396136
7555478;3024927;-2147396296
7556030;3025161;-2147396336
7556213;3025239;-2147396496
7556338;3025288;-2147396508
7556413;3025319;-2147396552
7556479;3025351;-2147396712
7556698;3025429;-2147396716
7556908;3025522;-2147396760
7557379;3025710;-2147396763
7557395;3025710;-2147396802
7557619;3025804;-2147396806
7558073;3025991;-2147396846
7558076;3025991;-2147397006
7558157;3026022;-2147397056
7558577;3026194;-2147397216
7558788;3026288;-2147397376
7559122;3026428;-2147397536
7559286;3026491;-2147397576
7559708;3026663;-2147397586
7559728;3026678;-2147397590
7559733;3026678;-2147397593
7560426;3026960;-2147397753
7560578;3027022;-2147397757
7561040;3027209;-2147397796
7561112;3027241;-2147397800
7561250;3027303;-2147397804
7561938;3027584;-2147397884
7561965;3027584;-2147398040
7562222;3027694;-2147398079
7562306;3027725;-2147398115
7562416;3027772;-2147398275
7562815;3027928;-2147398279
7562820;3027928;-2147398280
7563609;3028256;-2147398440
7564300;3028537;-2147398444
7566500;3029459;-2147398448
7566864;3029600;-2147398608
7568055;3030098;-2147398645
7568367;3030223;-2147398649
7568894;3030444;-2147398685
7569228;3030585;-2147398689
7569248;3030600;-2147398693
7569537;3030710;-2147398733
7570885;3031272;-2147398889
7571007;3031319;-2147398925
7571558;3031538;-2147399081
7572099;3031756;-2147399237
7572910;3032100;-2147399393
7573168;3032209;-2147399549
7574028;3032553;-2147399589
7574434;3032725;-2147399593
7574577;3032787;-2147399753
7575484;3033147;-2147399792
7575680;3033225;-2147399948
7576431;3033537;-2147399988
7577574;3034006;-2147400148
7578134;3034240;-2147400152
7579519;3034802;-2147400308
7579626;3034849;-2147400468
7579685;3034881;-2147400505
7580571;3035240;-2147400665
7580896;3035380;-2147400701
7581377;3035584;-2147400705
7581815;3035755;-2147400741
7582347;3035974;-2147400747
7583211;3036333;-2147400751
7583423;3036411;-2147400755
7583812;3036583;-2147400915
7584190;3036724;-2147400929
7584663;3036921;-2147400933
7585192;3037140;-2147401089
7586097;3037499;-2147401125
7586464;3037655;-2147401162
7587043;3037890;-2147401322
7587077;3037905;-2147401482
7587079;3037905;-2147401485
7587443;3038061;-2147401645
7588093;3038327;-2147401805
7588227;3038374;-2147401965
7588577;3038530;-2147402125
7589318;3038827;-2147402161
7589327;3038842;-2147402200
7589465;3038889;-2147402360
7590570;3039342;-2147402364
7590627;3039358;-2147402367
7590773;3039436;-2147402523
7590956;3039499;-2147402683
7591129;3039577;-2147402687
7591681;3039795;-2147402723
7592335;3040061;-2147402762
7592998;3040336;-2147402922
7594524;3040992;-2147403082
7595373;3041336;-2147403086
7595562;3041414;-2147403246
7595666;3041461;-2147403406
7596072;3041617;-2147403566
7596876;3041961;-2147403606
7598058;3042429;-2147403607
7598691;3042695;-2147403767
7599327;3042960;-2147403779
7599562;3043038;-2147403819
7600349;3043367;-2147403855
7601571;3043866;-2147403899
7601878;3043987;-2147403903
7602675;3044315;-2147404059
7603978;3044862;-2147404063
7604321;3045003;-2147404066
7604611;3045128;-2147404226
7605017;3045302;-2147404230
7605252;3045396;-2147404386
7605796;3045614;-2147404542
7605957;3045677;-2147404582
7606735;3045989;-2147404742
7606787;3046021;-2147404902
7609309;3047052;-2147405062
7609315;3047052;-2147405098
7610872;3047708;-2147405258
7610911;3047723;-2147405418
7611167;3047833;-2147405458
7614745;3049301;-2147405618
7615312;3049535;-2147405658
7616757;3050145;-2147405786
7618528;3050865;-2147405825
7619181;3051131;-2147405985
7619363;3051209;-2147406145
7619684;3051349;-2147406149
7621067;3051912;-2147406309
7621883;3052255;-2147406465
7623275;3052865;-2147406505
7626204;3054073;-2147406665
7626607;3054244;-2147406825
7626831;3054322;-2147406839
7628133;3054854;-2147406999
7629077;3055260;-2147407000
7630308;3055762;-2147407160
7630797;3055949;-2147407203
7633751;3057160;-2147407209
7635719;3057972;-2147407213
7636689;3058363;-2147407250
7636751;3058394;-2147407287
7637174;3058566;-2147407447
7638562;3059128;-2147407607
7638609;3059144;-2147407610
7639157;3059362;-2147407770
7640921;3060097;-2147407810
7642149;3060600;-2147407970
7643732;3061240;-2147408126
7645785;3062053;-2147408286
7646038;3062162;-2147408446
7646416;3062318;-2147408606
7646641;3062412;-2147408734
7648172;3063037;-2147408774
7653787;3065317;-2147408930
7654111;3065446;-2147408934
7654300;3065524;-2147408973
7654901;3065758;-2147409133
7658525;3067242;-2147409293
7661443;3068437;-2147409399
7662443;3068843;-2147409555
7662875;3069015;-2147409594
7662957;3069046;-2147409631
7663984;3069468;-2147409791
7664546;3069702;-2147409951
7665573;3070124;-2147409954
7669293;3071626;-2147409958
7669743;3071798;-2147409962
7671659;3072579;-2147410001
7671730;3072610;-2147410161
7671813;3072641;-2147410165
7672633;3072985;-2147410321
7672760;3073032;-2147410481
7673132;3073188;-2147410637
7673914;3073500;-2147410797
7674320;3073672;-2147410957
7674524;3073766;-2147410961
7675912;3074313;-2147411121
7676067;3074375;-2147411281
7676228;3074453;-2147411441
7676783;3074672;-2147411461
7677138;3074828;-2147411621
7677217;3074859;-2147411631
7677619;3075016;-2147411667
7678778;3075486;-2147411671
7678870;3075518;-2147411831
7679528;3075783;-2147411991
7681582;3076627;-2147411995
7682105;3076846;-2147412151
7682847;3077142;-2147412307
7684634;3077861;-2147412467
7686127;3078486;-2147412627
7690192;3080142;-2147412628
7691445;3080660;-2147412664
7693310;3081410;-2147412773
7695113;3082160;-2147412933
7695854;3082472;-2147413089
7696850;3082863;-2147413249
7698140;3083394;-2147413409
7698566;3083565;-2147413445
7702149;3085018;-2147413605
7704031;3085787;-2147413649
7707712;3087286;-2147413805
7707941;3087380;-2147413809
7711960;3089020;-2147413969
7712918;3089411;-2147414005
7717303;3091195;-2147414165
7718015;3091491;-2147414325
7718621;3091741;-2147414485
7718815;3091819;-2147414641
7718926;3091866;-2147414801
7721171;3092772;-2147414961
7732754;3097514;-2147415121
7733496;3097826;-2147415281
7735356;3098576;-2147415321
7735664;3098701;-2147415325
7736605;3099094;-2147415485
7737027;3099266;-2147415645
7737981;3099656;-2147415675
7739009;3100063;-2147415679
7739079;3100094;-2147415709
7739719;3100344;-2147415713
7740469;3100659;-2147415716
7745366;3102675;-2147415726
7747161;3103409;-2147415763
7753099;3105899;-2147415923
7760223;3108807;-2147416083
7760992;3109143;-2147416243
7763420;3110127;-2147416403
7765173;3110848;-2147416559
7767239;3111692;-2147416563
7772214;3113707;-2147416723
7772823;3113957;-2147416883
7775085;3114879;-2147417043
7778674;3116365;-2147417044
7780083;3116943;-2147417048
7780277;3117021;-2147417208
7787606;3120053;-2147417368
7788785;3120539;-2147417528
7790915;3121398;-2147417572
7794680;3122929;-2147417732
7794946;3123038;-2147417892
7795469;3123257;-2147418048
7803524;3126540;-2147418204
7808238;3128456;-2147418207
7809634;3129034;-2147418367
7814016;3130849;-2147418527
7816652;3131927;-2147418531
7818629;3132755;-2147418567
7819235;3132989;-2147418607
7819494;3133099;-2147418611
7822699;3134398;-2147418651
7823221;3134601;-2147418655
7823307;3134648;-2147418659
7823797;3134851;-2147418695
7833322;3138711;-2147418705
7833706;3138867;-2147418865
7833717;3138883;-2147418905
7835144;3139461;-2147419065
7843349;3142805;-2147419225
7846659;3144149;-2147419262
7847221;3144383;-2147419298
7851711;3146198;-2147419334
7855840;3147869;-2147419494
7858399;3148916;-2147419650
7862159;3150464;-2147419810
7867893;3152822;-2147419970
7871284;3154236;-2147420130
7871983;3154517;-2147420286
7874936;3155739;-2147420322
7875769;3156081;-2147420482
7887929;3161074;-2147420642
7888118;3161168;-2147420798
7897090;3164870;-2147420801
7902627;3167153;-2147420961
7911107;3170635;-2147421121
7912636;3171275;-2147421281
7913974;3171822;-2147421285
7929258;3178159;-2147421445
7931273;3179003;-2147421605
7943710;3184101;-2147421765
7950430;3186873;-2147421925
7951995;3187513;-2147421961
7953681;3188216;-2147422117
7956268;3189258;-2147422277
7974106;3196623;-2147422437
7976846;3197763;-2147422597
7977522;3198045;-2147422637
7985262;3201233;-2147422677
7985405;3201295;-2147422837
7993991;3204852;-2147422997
8900407;3572452;-2147423020
8906773;3575059;-2147423180
8930284;3584793;-2147423340
8933853;3586264;-2147423500
8939789;3588716;-2147423660
8940263;3588919;-2147423706
8948568;3592385;-2147423866
8950660;3593260;-2147424026
8959362;3596839;-2147424066
8974969;3603282;-2147424069
8978419;3604686;-2147424229
8994656;3611401;-2147424269
8996230;3612052;-2147424305
9000853;3613942;-2147424349
9011224;3618214;-2147424390
9027543;3624944;-2147424550
9028295;3625240;-2147424710
9034010;3627602;-2147424870
9054844;3636231;-2147425026
9058981;3637922;-2147425186
9060835;3638688;-2147425346
9061547;3638985;-2147425506
9066304;3640937;-2147425666
9091527;3651315;-2147425706
9121176;3663579;-2147425866
9131456;3667809;-2147425902
9138127;3670559;-2147425942
9144248;3673060;-2147425978
9150569;3675657;-2147426138
9166830;3682318;-2147426172
9186063;3690235;-2147426332
9220746;3704531;-2147426492
9239272;3712263;-2147426496
9248427;3716065;-2147426656
9250566;3716946;-2147426816
9265461;3723149;-2147426826
9275307;3727244;-2147426867
9283355;3730570;-2147427027
9286662;3731947;-2147427187
9293001;3734556;-2147427347
9301578;3738119;-2147427507
9321386;3746333;-2147427667
9356706;3760950;-2147427827
9369522;3766283;-2147427987
9391708;3775447;-2147428147
9393447;3776166;-2147428307
9447262;3798429;-2147428467
9454928;3801606;-2147428477
9464515;3805597;-2147428637
9465051;3805816;-2147428797
9468647;3807305;-2147428801
9514798;3826335;-2147428961
9517713;3827538;-2147429121
9520742;3828772;-2147429281
9582834;3854490;-2147429285
9595505;3859759;-2147429321
9621014;3870301;-2147429362
9624355;3871678;-2147429401
9653964;3883899;-2147429405
9665238;3888572;-2147429565
9687248;3897731;-2147429725
9723663;3912814;-2147429726
9733291;3916781;-2147429886
9733985;3917077;-2147430046
9735618;3917749;-2147430206
9749231;3923383;-2147430210
9751968;3924524;-2147430370
9820165;3952728;-2147430530
9842092;3961802;-2147430690
9849498;3964856;-2147430730
9850423;3965231;-2147430773
9869041;3972939;-2147430933
9878353;3976787;-2147430969
9883156;3978791;-2147431129
9883360;3978870;-2147431289
9912344;3990892;-2147431449
9932186;3999115;-2147431609
10003950;4028987;-2147431769
10006242;4029925;-2147431929
10009063;4031112;-2147432089
10032967;4041037;-2147432249
10056299;4050700;-2147432409
10057077;4051012;-2147432569
10076649;4059065;-2147432729
10133831;4082581;-2147432889
10166896;4096223;-2147433049
10166964;4096254;-2147433085
10169527;4097334;-2147433245
10224654;4120209;-2147433405
10340553;4168091;-2147433565
10352348;4172941;-2147433725
10403257;4194116;-2147433885
10526102;4244888;-2147434045
10657258;4299381;-2147434081
10746668;4336692;-2147434241
10749237;4337779;-2147434401
10762369;4343202;-2147434405
10896730;4398855;-2147434565
10905198;4402411;-2147434725
10978062;4432614;-2147434885
11030302;4454309;-2147434921
11035736;4456543;-2147434964
11038424;4457654;-2147435124
11076131;4473341;-2147435284
11100962;4483651;-2147435444
11132043;4496547;-2147435604
11223676;4534562;-2147435764
11392956;4604838;-2147435924
11581645;4682974;-2147436084
30258328;12246934;-2147436096
30879125;12505203;-2147436256
31328992;12692204;-2147436416
31354972;12702954;-2147436576
#
# name: Hill Climbing RS
# algorithm_class: solver.HillClimbingWithRS
# instance: nbi-spr18
# seed: -6431138886991283263
# bestF: 47072
# DTF: 0
# cost: 47072
# startTime: 1767507785866
# totalTime: 14400002
# totalFEs: 35565130
# maxFEs: 9223372036854775807
# maxMilliSeconds: 14400000
# maxSeconds: 14400
#
<?xml version="1.0" encoding="UTF-8" standalone="no"?>
<solution author="Team Abdipoor" cores="1" country="China and Malaysia" institution="Bejing/Hefei/Malaysia" name="nbi-spr18" runtime="14400" technique="hillclimbingwithrs">
    <class days="0100000" id="1" room="38" start="168" weeks="111111111111111"/>
    <class days="0100000" id="2" room="60" start="180" weeks="111111111111111"/>
    <class days="1000000" id="3" room="60" start="192" weeks="111111111111111"/>
    <class days="0000100" id="4" room="60" start="180" weeks="111111111111111"/>
    <class days="0001000" id="5" room="60" start="192" weeks="111111111111111"/>
    <class days="1000000" id="6" room="18" start="120" weeks="111111111111111"/>
    <class days="0010000" id="7" room="27" start="144" weeks="111111111111111"/>
    <class days="0100000" id="8" start="96" weeks="111111111111111"/>
    <class days="0000100" id="9" room="62" start="132" weeks="111111111111111"/>
    <class days="0000100" id="10" room="46" start="120" weeks="111111111111111"/>
    <class days="0100000" id="11" room="18" start="96" weeks="111111111111111"/>
    <class days="0000100" id="12" room="42" start="96" weeks="111111111111111"/>
    <class days="1000000" id="13" room="18" start="144" weeks="111111111111111"/>
    <class days="0100000" id="14" room="42" start="180" weeks="111111111111111"/>
    <class days="0010000" id="15" room="18" start="96" weeks="111111111111111"/>
    <class days="0000100" id="16" room="62" start="156" weeks="111111111111111"/>
    <class days="1000000" id="17" room="42" start="120" weeks="111111111111111"/>
    <class days="0001000" id="18" room="60" start="168" weeks="111111111111111"/>
    <class days="0010000" id="19" room="46" start="132" weeks="111111111111111"/>
    <class days="1000000" id="20" room="27" start="96" weeks="111111111111111"/>
    <class days="0100000" id="21" room="62" start="132" weeks="111111111111111"/>
    <class days="1000000" id="22" room="17" start="210" weeks="111111111111111"/>
    <class days="0100000" id="23" room="17" start="210" weeks="111111111111111"/>
    <class days="0000100" id="24" room="17" start="210" weeks="111111111111111"/>
    <class days="0001000" id="25" room="17" start="210" weeks="111111111111111"/>
    <class days="0010000" id="26" room="17" start="210" weeks="111111111111111"/>
    <class days="0001000" id="27" room="42" start="210" weeks="111111111111111"/>
    <class days="0010000" id="28" room="42" start="210" weeks="111111111111111"/>
    <class days="0100000" id="29" room="42" start="210" weeks="111111111111111"/>
    <class days="1000000" id="30" room="42" start="210" weeks="111111111111111"/>
    <class days="0000100" id="31" room="42" start="210" weeks="111111111111111"/>
    <class days="0000100" id="32" room="67" start="132" weeks="111111111111111"/>
    <class days="0100000" id="33" room="35" start="96" weeks="111111111111111"/>
    <class days="0000100" id="34" room="38" start="108" weeks="111111111111111"/>
    <class days="0001000" id="35" room="38" start="168" weeks="111111111111111"/>
    <class days="1000000" id="36" room="55" start="120" weeks="111111111111111"/>
    <class days="0010000" id="37" room="55" start="120" weeks="111111111111111"/>
    <class days="0100000" id="38" room="34" start="168" weeks="111111111111111"/>
    <class days="0010000" id="39" room="55" start="168" weeks="111111111111111"/>
    <class days="0001000" id="40" room="38" start="132" weeks="111111111111111"/>
    <class days="1000000" id="41" room="62" start="168" weeks="111111111111111"/>
    <class days="0001000" id="42" room="61" start="120" weeks="111111111111111"/>
    <class days="1000000" id="43" room="36" start="120" weeks="111111111111111"/>
    <class days="0000100" id="44" room="61" start="156" weeks="111111111111111"/>
    <class days="1000000" id="45" room="62" start="156" weeks="111111111111111"/>
    <class days="1000000" id="46" room="37" start="168" weeks="111111111111111"/>
    <class days="0000100" id="47" room="62" start="144" weeks="111111111111111"/>
    <class days="0001000" id="48" room="61" start="96" weeks="111111111111111"/>
    <class days="0001000" id="49" room="37" start="120" weeks="111111111111111"/>
    <class days="1000000" id="50" room="47" start="210" weeks="111111111111111"/>
    <class days="0000100" id="51" room="47" start="210" weeks="111111111111111"/>
    <class days="0100000" id="52" room="47" start="210" weeks="111111111111111"/>
    <class days="0010000" id="53" room="47" start="210" weeks="111111111111111"/>
    <class days="0000100" id="54" start="210" weeks="111111111111111"/>
    <class days="0010000" id="55" room="61" start="132" weeks="111111111111111"/>
    <class days="0000100" id="56" room="37" start="132" weeks="111111111111111"/>
    <class days="0100000" id="57" room="59" start="120" weeks="111111111111111"/>
    <class days="0010000" id="58" room="37" start="132" weeks="111111111111111"/>
    <class days="0001000" id="59" room="36" start="120" weeks="111111111111111"/>
    <class days="0000100" id="60" room="61" start="120" weeks="111111111111111"/>
    <class days="0001000" id="61" room="3" start="132" weeks="111111111111111"/>
    <class days="0001000" id="62" room="62" start="108" weeks="111111111111111"/>
    <class days="1000000" id="63" room="62" start="108" weeks="111111111111111"/>
    <class days="0001000" id="64" room="36" start="168" weeks="111111111111111"/>
    <class days="0001000" id="65" room="61" start="132" weeks="111111111111111"/>
    <class days="0001000" id="66" room="37" start="168" weeks="111111111111111"/>
    <class days="0100000" id="67" room="1" start="108" weeks="111111111111111"/>
    <class days="0010000" id="68" room="55" start="144" weeks="111111111111111"/>
    <class days="0010000" id="69" room="35" start="168" weeks="111111111111111"/>
    <class days="1000000" id="70" room="61" start="168" weeks="111111111111111"/>
    <class days="0010000" id="71" room="59" start="96" weeks="111111111111111"/>
    <class days="0000100" id="72" room="35" start="120" weeks="111111111111111"/>
    <class days="1000000" id="73" room="59" start="168" weeks="111111111111111"/>
    <class days="0001000" id="74" room="59" start="120" weeks="111111111111111"/>
    <class days="0010000" id="75" room="32" start="168" weeks="111111111111111"/>
    <class days="1000000" id="76" room="61" start="108" weeks="111111111111111"/>
    <class days="0001000" id="77" room="59" start="108" weeks="111111111111111"/>
    <class days="0010000" id="78" room="37" start="144" weeks="111111111111111"/>
    <class days="0001000" id="79" room="1" start="120" weeks="111111111111111"/>
    <class days="0100000" id="80" room="37" start="120" weeks="111111111111111"/>
    <class days="1000000" id="81" room="56" start="120" weeks="111111111111111"/>
    <class days="1000000" id="82" room="6" start="168" weeks="111111111111111"/>
    <class days="1000000" id="83" room="1" start="108" weeks="111111111111111"/>
    <class days="0100000" id="84" room="55" start="108" weeks="111111111111111"/>
    <class days="0100000" id="85" room="55" start="168" weeks="111111111111111"/>
    <class days="1000000" id="86" room="61" start="156" weeks="111111111111111"/>
    <class days="0100000" id="87" room="62" start="96" weeks="111111111111111"/>
    <class days="0100000" id="88" room="58" start="120" weeks="111111111111111"/>
    <class days="0000100" id="89" room="1" start="120" weeks="111111111111111"/>
    <class days="0010000" id="90" room="1" start="120" weeks="111111111111111"/>
    <class days="0010000" id="91" room="58" start="168" weeks="111111111111111"/>
    <class days="1000000" id="92" room="67" start="144" weeks="111111111111111"/>
    <class days="1000000" id="93" room="16" start="96" weeks="111111111111111"/>
    <class days="0001000" id="94" room="67" start="156" weeks="111111111111111"/>
    <class days="0010000" id="95" room="30" start="132" weeks="111111111111111"/>
    <class days="0000100" id="96" room="30" start="144" weeks="111111111111111"/>
    <class days="0001000" id="97" room="5" start="168" weeks="111111111111111"/>
    <class days="0100000" id="98" room="67" start="144" weeks="111111111111111"/>
    <class days="0010000" id="99" room="30" start="168" weeks="111111111111111"/>
    <class days="0100000" id="100" room="67" start="168" weeks="111111111111111"/>
    <class days="0001000" id="101" room="3" start="168" weeks="111111111111111"/>
    <class days="0000100" id="102" start="108" weeks="111111111111111"/>
    <class days="0000100" id="103" start="168" weeks="111111111111111"/>
    <class days="0001000" id="104" room="67" start="96" weeks="111111111111111"/>
    <class days="0001000" id="105" room="34" start="120" weeks="111111111111111"/>
    <class days="0010000" id="106" room="67" start="120" weeks="111111111111111"/>
    <class days="0010000" id="107" room="4" start="168" weeks="111111111111111"/>
    <class days="1000000" id="108" room="67" start="120" weeks="111111111111111"/>
    <class days="1000000" id="109" room="36" start="168" weeks="111111111111111"/>
    <class days="0000100" id="110" room="30" start="108" weeks="111111111111111"/>
    <class days="0000100" id="111" room="30" start="168" weeks="111111111111111"/>
    <class days="0001000" id="112" room="9" start="96" weeks="111111111111111"/>
    <class days="0001000" id="113" room="18" start="156" weeks="111111111111111"/>
    <class days="0100000" id="114" room="27" start="96" weeks="111111111111111"/>
    <class days="1000000" id="115" room="11" start="108" weeks="111111111111111"/>
    <class days="0000100" id="116" room="61" start="84" weeks="111111111111111"/>
    <class days="0001000" id="117" room="15" start="96" weeks="111111111111111"/>
    <class days="0100000" id="118" room="27" start="180" weeks="111111111111111"/>
    <class days="0000100" id="119" room="27" start="168" weeks="111111111111111"/>
    <class days="0100000" id="120" room="62" start="168" weeks="111111111111111"/>
    <class days="0000100" id="121" room="61" start="168" weeks="111111111111111"/>
    <class days="0001000" id="122" room="62" start="120" weeks="111111111111111"/>
    <class days="1000000" id="123" room="11" start="168" weeks="111111111111111"/>
    <class days="0001000" id="124" room="11" start="168" weeks="111111111111111"/>
    <class days="0010000" id="125" room="15" start="96" weeks="111111111111111"/>
    <class days="0010000" id="126" room="15" start="132" weeks="111111111111111"/>
    <class days="1000000" id="127" room="18" start="96" weeks="111111111111111"/>
    <class days="0001000" id="128" room="9" start="132" weeks="111111111111111"/>
    <class days="0010000" id="129" room="9" start="96" weeks="111111111111111"/>
    <class days="0000100" id="130" room="13" start="144" weeks="111111111111111"/>
    <class days="0010000" id="131" room="64" start="96" weeks="111111111111111"/>
    <class days="0100000" id="132" room="64" start="144" weeks="111111111111111"/>
    <class days="0010000" id="133" room="64" start="180" weeks="111111111111111"/>
    <class days="0001000" id="134" room="64" start="132" weeks="111111111111111"/>
    <class days="0000100" id="135" room="64" start="120" weeks="111111111111111"/>
    <class days="0010000" id="136" room="64" start="120" weeks="111111111111111"/>
    <class days="1000000" id="137" room="64" start="168" weeks="111111111111111"/>
    <class days="0001000" id="138" room="64" start="144" weeks="111111111111111"/>
    <class days="0100000" id="139" room="64" start="120" weeks="111111111111111"/>
    <class days="0000100" id="140" room="64" start="144" weeks="111111111111111"/>
    <class days="0001000" id="141" room="49" start="210" weeks="111111111111111"/>
    <class days="0100000" id="142" room="49" start="210" weeks="111111111111111"/>
    <class days="0000100" id="143" room="49" start="210" weeks="111111111111111"/>
    <class days="1000000" id="144" room="49" start="210" weeks="111111111111111"/>
    <class days="0100000" id="145" room="53" start="210" weeks="111111111111111"/>
    <class days="1000000" id="146" room="53" start="210" weeks="111111111111111"/>
    <class days="0000100" id="147" room="53" start="210" weeks="111111111111111"/>
    <class days="0001000" id="148" room="53" start="210" weeks="111111111111111"/>
    <class days="1000000" id="149" room="9" start="168" weeks="111111111111111"/>
    <class days="0010000" id="150" room="62" start="108" weeks="111111111111111"/>
    <class days="0000100" id="151" room="64" start="96" weeks="111111111111111"/>
    <class days="0010000" id="152" room="64" start="168" weeks="111111111111111"/>
    <class days="0010000" id="153" room="64" start="144" weeks="111111111111111"/>
    <class days="0100000" id="154" room="64" start="180" weeks="111111111111111"/>
    <class days="0001000" id="155" room="64" start="108" weeks="111111111111111"/>
    <class days="0010000" id="156" room="64" start="132" weeks="111111111111111"/>
    <class days="0100000" id="157" room="64" start="96" weeks="111111111111111"/>
    <class days="1000000" id="158" room="64" start="144" weeks="111111111111111"/>
    <class days="1000000" id="159" room="60" start="144" weeks="111111111111111"/>
    <class days="0100000" id="160" room="60" start="156" weeks="111111111111111"/>
    <class days="0001000" id="161" room="8" start="96" weeks="111111111111111"/>
    <class days="0000100" id="162" room="8" start="156" weeks="111111111111111"/>
    <class days="0010000" id="163" room="13" start="96" weeks="111111111111111"/>
    <class days="1000000" id="164" room="13" start="120" weeks="111111111111111"/>
    <class days="0100000" id="165" room="8" start="108" weeks="111111111111111"/>
    <class days="1000000" id="166" room="60" start="96" weeks="111111111111111"/>
    <class days="0001000" id="167" room="10" start="108" weeks="111111111111111"/>
    <class days="0010000" id="168" room="8" start="120" weeks="111111111111111"/>
    <class days="0000100" id="169" room="60" start="96" weeks="111111111111111"/>
    <class days="0100000" id="170" room="60" start="96" weeks="111111111111111"/>
    <class days="1000000" id="171" room="10" start="108" weeks="111111111111111"/>
    <class days="1000000" id="172" room="10" start="168" weeks="111111111111111"/>
    <class days="0010000" id="173" room="10" start="120" weeks="111111111111111"/>
    <class days="0000100" id="174" room="27" start="120" weeks="111111111111111"/>
    <class days="0001000" id="175" room="62" start="156" weeks="111111111111111"/>
    <class days="0010000" id="176" room="60" start="192" weeks="111111111111111"/>
    <class days="0001000" id="177" room="60" start="120" weeks="111111111111111"/>
    <class days="0000100" id="178" room="12" start="108" weeks="111111111111111"/>
    <class days="1000000" id="179" room="15" start="168" weeks="111111111111111"/>
    <class days="0100000" id="180" room="15" start="120" weeks="111111111111111"/>
    <class days="0001000" id="181" room="15" start="144" weeks="111111111111111"/>
    <class days="0100000" id="182" room="27" start="84" weeks="111111111111111"/>
    <class days="0010000" id="183" room="27" start="84" weeks="111111111111111"/>
    <class days="1000000" id="184" room="9" start="156" weeks="111111111111111"/>
    <class days="0001000" id="185" room="18" start="120" weeks="111111111111111"/>
    <class days="0010000" id="186" room="61" start="96" weeks="111111111111111"/>
    <class days="1000000" id="187" room="9" start="96" weeks="111111111111111"/>
    <class days="0010000" id="188" room="27" start="96" weeks="111111111111111"/>
    <class days="0001000" id="189" room="27" start="96" weeks="111111111111111"/>
    <class days="1000000" id="190" room="62" start="132" weeks="111111111111111"/>
    <class days="0001000" id="191" room="62" start="180" weeks="111111111111111"/>
    <class days="0010000" id="192" room="9" start="144" weeks="111111111111111"/>
    <class days="0100000" id="193" room="9" start="156" weeks="111111111111111"/>
    <class days="0000100" id="194" room="62" start="192" weeks="111111111111111"/>
    <class days="0100000" id="195" room="61" start="156" weeks="111111111111111"/>
    <class days="1000000" id="196" room="13" start="168" weeks="111111111111111"/>
    <class days="0001000" id="197" room="13" start="168" weeks="111111111111111"/>
    <class days="0010000" id="198" room="62" start="156" weeks="111111111111111"/>
    <class days="0001000" id="199" room="62" start="96" weeks="111111111111111"/>
    <class days="0000100" id="200" room="9" start="192" weeks="111111111111111"/>
    <class days="0100000" id="201" room="10" start="96" weeks="111111111111111"/>
    <class days="0000100" id="202" room="8" start="108" weeks="111111111111111"/>
    <class days="0010000" id="203" room="9" start="120" weeks="111111111111111"/>
    <class days="1000000" id="204" room="9" start="144" weeks="111111111111111"/>
    <class days="0100000" id="205" room="9" start="132" weeks="111111111111111"/>
    <class days="0000100" id="206" room="9" start="96" weeks="111111111111111"/>
    <class days="0000100" id="207" room="15" start="108" weeks="111111111111111"/>
    <class days="1000000" id="208" room="15" start="96" weeks="111111111111111"/>
    <class days="0100000" id="209" room="15" start="96" weeks="111111111111111"/>
    <class days="0100000" id="210" room="12" start="144" weeks="111111111111111"/>
    <class days="0000100" id="211" room="15" start="168" weeks="111111111111111"/>
    <class days="0100000" id="212" room="15" start="156" weeks="111111111111111"/>
    <class days="0100000" id="213" room="61" start="168" weeks="111111111111111"/>
    <class days="0000100" id="214" room="27" start="144" weeks="111111111111111"/>
    <class days="0001000" id="215" room="15" start="108" weeks="111111111111111"/>
    <class days="0100000" id="216" room="14" start="132" weeks="111111111111111"/>
    <class days="0100000" id="217" room="14" start="156" weeks="111111111111111"/>
    <class days="0000100" id="218" room="14" start="156" weeks="111111111111111"/>
    <class days="0000100" id="219" room="14" start="120" weeks="111111111111111"/>
    <class days="0001000" id="220" room="14" start="108" weeks="111111111111111"/>
    <class days="0010000" id="221" room="14" start="132" weeks="111111111111111"/>
    <class days="0001000" id="222" room="14" start="168" weeks="111111111111111"/>
    <class days="0001000" id="223" room="14" start="132" weeks="111111111111111"/>
    <class days="0000100" id="224" room="14" start="96" weeks="111111111111111"/>
    <class days="0100000" id="225" room="14" start="120" weeks="111111111111111"/>
    <class days="1000000" id="226" room="14" start="108" weeks="111111111111111"/>
    <class days="0100000" id="227" room="14" start="108" weeks="111111111111111"/>
    <class days="0000100" id="228" start="156" weeks="111111111111111"/>
    <class days="0000100" id="229" start="120" weeks="111111111111111"/>
    <class days="0000100" id="230" room="9" start="120" weeks="111111111111111"/>
    <class days="0100000" id="231" room="9" start="96" weeks="111111111111111"/>
    <class days="0000100" id="232" room="15" start="132" weeks="111111111111111"/>
    <class days="0100000" id="233" room="11" start="120" weeks="111111111111111"/>
    <class days="0001000" id="234" room="27" start="108" weeks="111111111111111"/>
    <class days="0000100" id="235" room="11" start="168" weeks="111111111111111"/>
    <class days="0010000" id="236" room="61" start="180" weeks="111111111111111"/>
    <class days="0001000" id="237" room="9" start="156" weeks="111111111111111"/>
    <class days="1000000" id="238" room="11" start="144" weeks="111111111111111"/>
    <class days="0100000" id="239" room="11" start="156" weeks="111111111111111"/>
    <class days="0100000" id="240" room="13" start="120" weeks="111111111111111"/>
    <class days="1000000" id="241" room="9" start="108" weeks="111111111111111"/>
    <class days="1000000" id="242" room="9" start="180" weeks="111111111111111"/>
    <class days="0001000" id="243" room="62" start="168" weeks="111111111111111"/>
    <class days="1000000" id="244" room="15" start="144" weeks="111111111111111"/>
    <class days="0010000" id="245" room="62" start="168" weeks="111111111111111"/>
    <class days="0001000" id="246" room="11" start="96" weeks="111111111111111"/>
    <class days="0010000" id="247" room="11" start="120" weeks="111111111111111"/>
    <class days="0000100" id="248" room="9" start="156" weeks="111111111111111"/>
    <class days="1000000" id="249" room="9" start="132" weeks="111111111111111"/>
    <class days="0010000" id="250" room="15" start="168" weeks="111111111111111"/>
    <class days="1000000" id="251" room="12" start="144" weeks="111111111111111"/>
    <class days="0100000" id="252" room="9" start="180" weeks="111111111111111"/>
    <class days="0010000" id="253" room="9" start="168" weeks="111111111111111"/>
    <class days="0001000" id="254" room="9" start="168" weeks="111111111111111"/>
    <class days="0000100" id="255" room="11" start="108" weeks="111111111111111"/>
    <class days="0100000" id="256" room="14" start="168" weeks="111111111111111"/>
    <class days="1000000" id="257" room="14" start="96" weeks="111111111111111"/>
    <class days="0000100" id="258" room="14" start="132" weeks="111111111111111"/>
    <class days="0100000" id="259" room="14" start="96" weeks="111111111111111"/>
    <class days="1000000" id="260" room="14" start="180" weeks="111111111111111"/>
    <class days="0010000" id="261" room="14" start="144" weeks="111111111111111"/>
    <class days="1000000" id="262" room="14" start="144" weeks="111111111111111"/>
    <class days="0001000" id="263" room="14" start="144" weeks="111111111111111"/>
    <class days="0010000" id="264" room="14" start="168" weeks="111111111111111"/>
    <class days="0001000" id="265" room="14" start="96" weeks="111111111111111"/>
    <class days="1000000" id="266" room="27" start="192" weeks="111111111111111"/>
    <class days="0001000" id="267" room="48" start="168" weeks="111111111111111"/>
    <class days="0010000" id="268" room="50" start="96" weeks="111111111111111"/>
    <class days="0010000" id="269" room="50" start="192" weeks="111111111111111"/>
    <class days="0000100" id="270" room="48" start="132" weeks="111111111111111"/>
    <class days="0000100" id="271" room="50" start="96" weeks="111111111111111"/>
    <class days="0010000" id="272" room="27" start="192" weeks="111111111111111"/>
    <class days="0010000" id="273" room="50" start="168" weeks="111111111111111"/>
    <class days="0100000" id="274" room="50" start="192" weeks="111111111111111"/>
    <class days="0100000" id="275" room="27" start="108" weeks="111111111111111"/>
    <class days="0001000" id="276" room="50" start="96" weeks="111111111111111"/>
    <class days="0100000" id="277" room="48" start="192" weeks="111111111111111"/>
    <class days="1000000" id="278" room="50" start="132" weeks="111111111111111"/>
    <class days="1000000" id="279" room="48" start="156" weeks="111111111111111"/>
    <class days="1000000" id="280" room="52" start="96" weeks="111111111111111"/>
    <class days="0100000" id="281" room="50" start="144" weeks="111111111111111"/>
    <class days="0010000" id="282" room="50" start="108" weeks="111111111111111"/>
    <class days="0000100" id="283" room="50" start="192" weeks="111111111111111"/>
    <class days="0010000" id="284" room="50" start="144" weeks="111111111111111"/>
    <class days="0010000" id="285" room="51" start="132" weeks="111111111111111"/>
    <class days="0001000" id="286" room="51" start="120" weeks="111111111111111"/>
    <class days="0000100" id="287" room="48" start="96" weeks="111111111111111"/>
    <class days="0000100" id="288" room="50" start="168" weeks="111111111111111"/>
    <class days="0001000" id="289" room="50" start="144" weeks="111111111111111"/>
    <class days="0001000" id="290" room="50" start="192" weeks="111111111111111"/>
    <class days="0000100" id="291" room="17" start="96" weeks="111111111111111"/>
    <class days="1000000" id="292" room="50" start="96" weeks="111111111111111"/>
    <class days="0010000" id="293" room="48" start="192" weeks="111111111111111"/>
    <class days="1000000" id="294" room="50" start="192" weeks="111111111111111"/>
    <class days="0001000" id="295" room="48" start="132" weeks="111111111111111"/>
    <class days="1000000" id="296" room="51" start="120" weeks="111111111111111"/>
    <class days="0000100" id="297" room="51" start="96" weeks="111111111111111"/>
    <class days="0000100" id="298" room="52" start="132" weeks="111111111111111"/>
    <class days="0000100" id="299" room="64" start="168" weeks="111111111111111"/>
    <class days="1000000" id="300" room="64" start="108" weeks="111111111111111"/>
    <class days="0001000" id="301" room="48" start="96" weeks="111111111111111"/>
    <class days="0100000" id="302" room="51" start="144" weeks="111111111111111"/>
    <class days="0010000" id="303" room="52" start="120" weeks="111111111111111"/>
    <class days="0100000" id="304" room="52" start="168" weeks="111111111111111"/>
    <class days="0001000" id="305" room="51" start="156" weeks="111111111111111"/>
    <class days="1000000" id="306" room="48" start="132" weeks="111111111111111"/>
    <class days="1000000" id="307" room="50" start="156" weeks="111111111111111"/>
    <class days="1000000" id="308" room="48" start="96" weeks="111111111111111"/>
    <class days="0100000" id="309" room="51" start="168" weeks="111111111111111"/>
    <class days="0010000" id="310" room="52" start="96" weeks="111111111111111"/>
    <class days="0010000" id="311" room="51" start="96" weeks="111111111111111"/>
    <class days="0000100" id="312" room="48" start="192" weeks="111111111111111"/>
    <class days="0010000" id="313" room="48" start="132" weeks="111111111111111"/>
    <class days="0100000" id="314" room="48" start="168" weeks="111111111111111"/>
    <class days="0001000" id="315" room="17" start="132" weeks="111111111111111"/>
    <class days="0000100" id="316" room="51" start="132" weeks="111111111111111"/>
    <class days="0100000" id="317" room="50" start="96" weeks="111111111111111"/>
    <class days="0001000" id="318" room="17" start="168" weeks="111111111111111"/>
    <class days="0001000" id="319" room="52" start="96" weeks="111111111111111"/>
    <class days="0010000" id="320" room="48" start="96" weeks="111111111111111"/>
    <class days="0000100" id="321" room="52" start="96" weeks="111111111111111"/>
    <class days="0010000" id="322" room="48" start="168" weeks="111111111111111"/>
    <class days="0000100" id="323" room="48" start="156" weeks="111111111111111"/>
    <class days="0001000" id="324" room="48" start="192" weeks="111111111111111"/>
    <class days="0100000" id="325" room="17" start="144" weeks="111111111111111"/>
    <class days="1000000" id="326" room="51" start="144" weeks="111111111111111"/>
    <class days="0100000" id="327" room="48" start="132" weeks="111111111111111"/>
    <class days="1000000" id="328" room="51" start="96" weeks="111111111111111"/>
    <class days="0100000" id="329" room="1" start="132" weeks="111111111111111"/>
    <class days="0000100" id="330" room="56" start="144" weeks="111111111111111"/>
    <class days="1000000" id="331" room="37" start="120" weeks="111111111111111"/>
    <class days="0100000" id="332" room="55" start="120" weeks="111111111111111"/>
    <class days="0001000" id="333" room="55" start="120" weeks="111111111111111"/>
    <class days="0100000" id="334" room="37" start="156" weeks="111111111111111"/>
    <class days="0000100" id="335" room="59" start="96" weeks="111111111111111"/>
    <class days="0100000" id="336" room="4" start="168" weeks="111111111111111"/>
    <class days="0001000" id="337" room="46" start="144" weeks="111111111111111"/>
    <class days="0010000" id="338" room="46" start="120" weeks="111111111111111"/>
    <class days="0000100" id="339" room="62" start="108" weeks="111111111111111"/>
    <class days="0001000" id="340" room="18" start="144" weeks="111111111111111"/>
    <class days="0000100" id="341" room="60" start="156" weeks="111111111111111"/>
    <class days="0010000" id="342" room="60" start="120" weeks="111111111111111"/>
    <class days="0010000" id="343" room="60" start="132" weeks="111111111111111"/>
    <class days="0100000" id="344" room="46" start="156" weeks="111111111111111"/>
    <class days="0100000" id="345" room="61" start="96" weeks="111111111111111"/>
    <class days="0000100" id="346" room="18" start="168" weeks="111111111111111"/>
    <class days="0001000" id="347" room="27" start="168" weeks="111111111111111"/>
    <class days="0001000" id="348" room="42" start="96" weeks="111111111111111"/>
    <class days="0100000" id="349" start="156" weeks="111111111111111"/>
    <class days="0001000" id="350" start="132" weeks="111111111111111"/>
    <class days="1000000" id="351" room="62" start="144" weeks="111111111111111"/>
    <class days="0010000" id="352" room="46" start="96" weeks="111111111111111"/>
    <class days="0001000" id="353" room="60" start="96" weeks="111111111111111"/>
    <class days="0000100" id="354" room="60" start="144" weeks="111111111111111"/>
    <class days="1000000" id="355" room="60" start="120" weeks="111111111111111"/>
    <class days="0100000" id="356" room="60" start="108" weeks="111111111111111"/>
    <class days="0001000" id="357" room="46" start="168" weeks="111111111111111"/>
    <class days="0010000" id="358" room="46" start="108" weeks="111111111111111"/>
    <class days="1000000" id="359" room="60" start="168" weeks="111111111111111"/>
    <class days="0010000" id="360" room="60" start="144" weeks="111111111111111"/>
    <class days="0001000" id="361" room="65" start="96" weeks="111111111111111"/>
    <class days="0100000" id="362" room="66" start="108" weeks="111111111111111"/>
    <class days="0001000" id="363" room="60" start="144" weeks="111111111111111"/>
    <class days="0010000" id="364" room="60" start="156" weeks="111111111111111"/>
    <class days="0000100" id="365" room="17" start="132" weeks="111111111111111"/>
    <class days="0001000" id="366" room="17" start="192" weeks="111111111111111"/>
    <class days="0001000" id="367" room="46" start="120" weeks="111111111111111"/>
    <class days="0000100" id="368" room="18" start="156" weeks="111111111111111"/>
    <class days="0010000" id="369" room="65" start="144" weeks="111111111111111"/>
    <class days="0001000" id="370" room="65" start="156" weeks="111111111111111"/>
    <class days="1000000" id="371" room="62" start="180" weeks="111111111111111"/>
    <class days="0010000" id="372" room="18" start="192" weeks="111111111111111"/>
    <class days="0000100" id="373" room="62" start="168" weeks="111111111111111"/>
    <class days="1000000" id="374" room="61" start="144" weeks="111111111111111"/>
    <class days="0001000" id="375" room="66" start="156" weeks="111111111111111"/>
    <class days="0100000" id="376" room="17" start="180" weeks="111111111111111"/>
    <class days="1000000" id="377" start="120" weeks="111111111111111"/>
    <class days="0000100" id="378" start="144" weeks="111111111111111"/>
    <class days="0000100" id="379" room="22" start="108" weeks="111111111111111"/>
    <class days="0001000" id="380" room="22" start="180" weeks="111111111111111"/>
    <class days="0000100" id="381" room="27" start="96" weeks="111111111111111"/>
    <class days="0100000" id="382" room="18" start="120" weeks="111111111111111"/>
    <class days="0010000" id="383" room="62" start="180" weeks="111111111111111"/>
    <class days="0001000" id="384" room="18" start="180" weeks="111111111111111"/>
    <class days="0100000" id="385" room="61" start="132" weeks="111111111111111"/>
    <class days="0010000" id="386" room="61" start="168" weeks="111111111111111"/>
    <class days="0001000" id="387" room="61" start="168" weeks="111111111111111"/>
    <class days="0010000" id="388" room="18" start="120" weeks="111111111111111"/>
    <class days="0010000" id="389" room="62" start="132" weeks="111111111111111"/>
    <class days="0100000" id="390" room="18" start="144" weeks="111111111111111"/>
    <class days="0100000" id="391" room="18" start="180" weeks="111111111111111"/>
    <class days="0001000" id="392" room="42" start="192" weeks="111111111111111"/>
    <class days="0000100" id="393" room="18" start="132" weeks="111111111111111"/>
    <class days="0001000" id="394" room="17" start="120" weeks="111111111111111"/>
    <class days="0100000" id="395" room="62" start="108" weeks="111111111111111"/>
    <class days="0000100" id="396" room="18" start="120" weeks="111111111111111"/>
    <class days="0100000" id="397" room="60" start="120" weeks="111111111111111"/>
    <class days="0001000" id="398" room="62" start="144" weeks="111111111111111"/>
    <class days="1000000" id="399" start="180" weeks="111111111111111"/>
    <class days="0000100" id="400" start="96" weeks="111111111111111"/>
    <class days="1000000" id="401" room="17" start="120" weeks="111111111111111"/>
    <class days="0001000" id="402" room="26" start="96" weeks="111111111111111"/>
    <class days="0010000" id="403" room="26" start="132" weeks="111111111111111"/>
    <class days="1000000" id="404" room="17" start="168" weeks="111111111111111"/>
    <class days="0100000" id="405" room="26" start="156" weeks="111111111111111"/>
    <class days="0001000" id="406" room="26" start="156" weeks="111111111111111"/>
    <class days="0000100" id="407" start="108" weeks="111111111111111"/>
    <class days="0100000" id="408" start="192" weeks="111111111111111"/>
    <class days="0001000" id="409" room="65" start="120" weeks="111111111111111"/>
    <class days="0100000" id="410" room="66" start="120" weeks="111111111111111"/>
    <class days="0001000" id="411" room="66" start="120" weeks="111111111111111"/>
    <class days="1000000" id="412" room="47" start="120" weeks="111111111111111"/>
    <class days="0000100" id="413" room="42" start="120" weeks="111111111111111"/>
    <class days="0001000" id="414" start="120" weeks="111111111111111"/>
    <class days="1000000" id="415" room="22" start="108" weeks="111111111111111"/>
    <class days="1000000" id="416" room="66" start="168" weeks="111111111111111"/>
    <class days="0010000" id="417" room="47" start="120" weeks="111111111111111"/>
    <class days="0000100" id="418" room="26" start="132" weeks="111111111111111"/>
    <class days="1000000" id="419" room="17" start="180" weeks="111111111111111"/>
    <class days="1000000" id="420" room="17" start="96" weeks="111111111111111"/>
    <class days="0001000" id="421" room="26" start="108" weeks="111111111111111"/>
    <class days="1000000" id="422" room="26" start="144" weeks="111111111111111"/>
    <class days="0100000" id="423" room="17" start="96" weeks="111111111111111"/>
    <class days="1000000" id="424" room="65" start="96" weeks="111111111111111"/>
    <class days="0000100" id="425" room="26" start="96" weeks="111111111111111"/>
    <class days="0000100" id="426" room="26" start="108" weeks="111111111111111"/>
    <class days="0001000" id="427" room="26" start="120" weeks="111111111111111"/>
    <class days="0001000" id="428" room="26" start="132" weeks="111111111111111"/>
    <class days="1000000" id="429" room="26" start="132" weeks="111111111111111"/>
    <class days="1000000" id="430" room="49" start="168" weeks="111111111111111"/>
    <class days="0001000" id="431" room="44" start="132" weeks="111111111111111"/>
    <class days="1000000" id="432" room="49" start="132" weeks="111111111111111"/>
    <class days="0001000" id="433" room="49" start="168" weeks="111111111111111"/>
    <class days="0000100" id="434" room="49" start="168" weeks="111111111111111"/>
    <class days="0010000" id="435" room="54" start="108" weeks="111111111111111"/>
    <class days="1000000" id="436" room="26" start="168" weeks="111111111111111"/>
    <class days="1000000" id="437" room="54" start="132" weeks="111111111111111"/>
    <class days="0100000" id="438" room="54" start="120" weeks="111111111111111"/>
    <class days="0001000" id="439" room="54" start="120" weeks="111111111111111"/>
    <class days="0000100" id="440" room="26" start="156" weeks="111111111111111"/>
    <class days="0001000" id="441" room="26" start="168" weeks="111111111111111"/>
    <class days="0001000" id="442" room="17" start="96" weeks="111111111111111"/>
    <class days="0010000" id="443" room="17" start="96" weeks="111111111111111"/>
    <class days="0100000" id="444" room="17" start="108" weeks="111111111111111"/>
    <class days="1000000" id="445" room="17" start="144" weeks="111111111111111"/>
    <class days="1000000" id="446" room="26" start="96" weeks="111111111111111"/>
    <class days="0010000" id="447" room="17" start="132" weeks="111111111111111"/>
    <class days="0100000" id="448" room="49" start="96" weeks="111111111111111"/>
    <class days="0010000" id="449" room="49" start="144" weeks="111111111111111"/>
    <class days="0100000" id="450" room="49" start="144" weeks="111111111111111"/>
    <class days="0000100" id="451" room="17" start="156" weeks="111111111111111"/>
    <class days="0100000" id="452" room="26" start="132" weeks="111111111111111"/>
    <class days="0010000" id="453" room="49" start="96" weeks="111111111111111"/>
    <class days="0001000" id="454" room="49" start="144" weeks="111111111111111"/>
    <class days="0010000" id="455" room="26" start="156" weeks="111111111111111"/>
    <class days="1000000" id="456" room="49" start="96" weeks="111111111111111"/>
    <class days="0001000" id="457" room="49" start="96" weeks="111111111111111"/>
    <class days="0010000" id="458" room="49" start="120" weeks="111111111111111"/>
    <class days="0100000" id="459" room="49" start="168" weeks="111111111111111"/>
    <class days="0000100" id="460" room="49" start="120" weeks="111111111111111"/>
    <class days="0000100" id="461" room="49" start="144" weeks="111111111111111"/>
    <class days="0100000" id="462" room="54" start="144" weeks="111111111111111"/>
    <class days="0001000" id="463" room="54" start="168" weeks="111111111111111"/>
    <class days="0000100" id="464" room="54" start="120" weeks="111111111111111"/>
    <class days="0000100" id="465" room="54" start="168" weeks="111111111111111"/>
    <class days="1000000" id="466" room="44" start="132" weeks="111111111111111"/>
    <class days="0100000" id="467" room="49" start="120" weeks="111111111111111"/>
    <class days="0100000" id="468" start="132" weeks="111111111111111"/>
    <class days="0010000" id="469" start="96" weeks="111111111111111"/>
    <class days="0000100" id="470" room="44" start="108" weeks="111111111111111"/>
    <class days="1000000" id="471" room="44" start="96" weeks="111111111111111"/>
    <class days="0001000" id="472" room="54" start="96" weeks="111111111111111"/>
    <class days="0010000" id="473" room="49" start="168" weeks="111111111111111"/>
    <class days="0001000" id="474" room="53" start="144" weeks="111111111111111"/>
    <class days="0000100" id="475" room="53" start="96" weeks="111111111111111"/>
    <class days="0001000" id="476" room="53" start="168" weeks="111111111111111"/>
    <class days="1000000" id="477" room="53" start="144" weeks="111111111111111"/>
    <class days="0100000" id="478" room="53" start="120" weeks="111111111111111"/>
    <class days="0100000" id="479" room="53" start="168" weeks="111111111111111"/>
    <class days="0001000" id="480" room="53" start="120" weeks="111111111111111"/>
    <class days="0100000" id="481" room="53" start="144" weeks="111111111111111"/>
    <class days="1000000" id="482" room="53" start="168" weeks="111111111111111"/>
    <class days="0010000" id="483" room="53" start="120" weeks="111111111111111"/>
    <class days="0010000" id="484" room="17" start="168" weeks="111111111111111"/>
    <class days="0010000" id="485" room="53" start="96" weeks="111111111111111"/>
    <class days="0001000" id="486" room="53" start="96" weeks="111111111111111"/>
    <class days="1000000" id="487" room="53" start="120" weeks="111111111111111"/>
    <class days="0000100" id="488" room="53" start="120" weeks="111111111111111"/>
    <class days="0000100" id="489" room="53" start="168" weeks="111111111111111"/>
    <class days="0010000" id="490" room="53" start="156" weeks="111111111111111"/>
    <class days="0000100" id="491" room="53" start="144" weeks="111111111111111"/>
    <class days="1000000" id="492" room="53" start="96" weeks="111111111111111"/>
    <class days="0100000" id="493" room="53" start="96" weeks="111111111111111"/>
    <class days="0001000" id="494" start="144" weeks="111111111111111"/>
    <class days="0000100" id="495" start="96" weeks="111111111111111"/>
    <class days="0010000" id="496" room="49" start="210" weeks="111111111111111"/>
    <class days="1000000" id="497" room="21" start="96" weeks="111111111111111"/>
    <class days="0000100" id="498" room="21" start="204" weeks="111111111111111"/>
    <class days="0010000" id="499" room="21" start="168" weeks="111111111111111"/>
    <class days="0001000" id="500" room="21" start="120" weeks="111111111111111"/>
    <class days="0100000" id="501" room="42" start="108" weeks="111111111111111"/>
    <class days="1000000" id="502" room="42" start="132" weeks="111111111111111"/>
    <class days="1000000" id="503" room="24" start="168" weeks="111111111111111"/>
    <class days="0001000" id="504" room="42" start="144" weeks="111111111111111"/>
    <class days="0000100" id="505" room="42" start="108" weeks="111111111111111"/>
    <class days="0001000" id="506" room="24" start="192" weeks="111111111111111"/>
    <class days="0100000" id="507" room="63" start="156" weeks="111111111111111"/>
    <class days="0001000" id="508" room="21" start="132" weeks="111111111111111"/>
    <class days="0010000" id="509" room="41" start="120" weeks="111111111111111"/>
    <class days="0000100" id="510" room="63" start="96" weeks="111111111111111"/>
    <class days="0010000" id="511" room="60" start="96" weeks="111111111111111"/>
    <class days="0010000" id="512" room="63" start="108" weeks="111111111111111"/>
    <class days="0010000" id="513" room="63" start="144" weeks="111111111111111"/>
    <class days="0100000" id="514" room="24" start="120" weeks="111111111111111"/>
    <class days="0000100" id="515" room="25" start="192" weeks="111111111111111"/>
    <class days="1000000" id="516" room="63" start="156" weeks="111111111111111"/>
    <class days="0000100" id="517" room="24" start="120" weeks="111111111111111"/>
    <class days="0000100" id="518" room="27" start="192" weeks="111111111111111"/>
    <class days="0001000" id="519" room="52" start="156" weeks="111111111111111"/>
    <class days="0001000" id="520" room="52" start="132" weeks="111111111111111"/>
    <class days="0100000" id="521" room="52" start="120" weeks="111111111111111"/>
    <class days="1000000" id="522" room="52" start="156" weeks="111111111111111"/>
    <class days="0000100" id="523" room="52" start="156" weeks="111111111111111"/>
    <class days="0100000" id="524" room="52" start="96" weeks="111111111111111"/>
    <class days="0000100" id="525" room="51" start="156" weeks="111111111111111"/>
    <class days="0010000" id="526" room="51" start="168" weeks="111111111111111"/>
    <class days="0010000" id="527" room="27" start="156" weeks="111111111111111"/>
    <class days="0100000" id="528" room="50" start="168" weeks="111111111111111"/>
    <class days="0001000" id="529" room="64" start="156" weeks="111111111111111"/>
    <class days="1000000" id="530" room="52" start="132" weeks="111111111111111"/>
    <class days="0000100" id="531" room="50" start="132" weeks="111111111111111"/>
    <class days="0001000" id="532" room="51" start="96" weeks="111111111111111"/>
    <class days="0100000" id="533" room="51" start="96" weeks="111111111111111"/>
    <class days="1000000" id="534" room="51" start="168" weeks="111111111111111"/>
    <class days="1000000" id="535" room="48" start="192" weeks="111111111111111"/>
    <class days="0001000" id="536" room="50" start="168" weeks="111111111111111"/>
    <class days="0010000" id="537" room="52" start="156" weeks="111111111111111"/>
    <class days="0001000" id="538" room="50" start="120" weeks="111111111111111"/>
    <class days="0100000" id="539" room="48" start="96" weeks="111111111111111"/>
    <class days="1000000" id="540" room="27" start="144" weeks="111111111111111"/>
    <class days="0001000" id="541" room="27" start="192" weeks="111111111111111"/>
    <class days="0010000" id="542" room="27" start="108" weeks="111111111111111"/>
    <class days="0100000" id="543" room="27" start="192" weeks="111111111111111"/>
    <class days="0100000" id="544" room="27" start="144" weeks="111111111111111"/>
    <class days="0001000" id="545" room="27" start="120" weeks="111111111111111"/>
    <class days="1000000" id="546" room="46" start="120" weeks="111111111111111"/>
    <class days="1000000" id="547" room="46" start="168" weeks="111111111111111"/>
    <class days="0000100" id="548" room="19" start="120" weeks="111111111111111"/>
    <class days="0100000" id="549" room="46" start="192" weeks="111111111111111"/>
    <class days="0000100" id="550" room="60" start="108" weeks="111111111111111"/>
    <class days="0001000" id="551" room="19" start="120" weeks="111111111111111"/>
    <class days="1000000" id="552" room="42" start="144" weeks="111111111111111"/>
    <class days="1000000" id="553" room="41" start="180" weeks="111111111111111"/>
    <class days="0010000" id="554" room="42" start="108" weeks="111111111111111"/>
    <class days="0100000" id="555" room="42" start="192" weeks="111111111111111"/>
    <class days="1000000" id="556" room="42" start="96" weeks="111111111111111"/>
    <class days="0001000" id="557" room="42" start="180" weeks="111111111111111"/>
    <class days="0001000" id="558" room="25" start="168" weeks="111111111111111"/>
    <class days="1000000" id="559" room="23" start="168" weeks="111111111111111"/>
    <class days="0100000" id="560" room="23" start="168" weeks="111111111111111"/>
    <class days="0000100" id="561" room="23" start="108" weeks="111111111111111"/>
    <class days="0000100" id="562" room="46" start="168" weeks="111111111111111"/>
    <class days="0100000" id="563" room="46" start="144" weeks="111111111111111"/>
    <class days="1000000" id="564" room="19" start="132" weeks="111111111111111"/>
    <class days="0001000" id="565" room="46" start="96" weeks="111111111111111"/>
    <class days="1000000" id="566" room="46" start="204" weeks="111111111111111"/>
    <class days="0010000" id="567" room="19" start="132" weeks="111111111111111"/>
    <class days="1000000" id="568" room="24" start="120" weeks="111111111111111"/>
    <class days="0000100" id="569" room="24" start="108" weeks="111111111111111"/>
    <class days="0001000" id="570" room="23" start="120" weeks="111111111111111"/>
    <class days="0100000" id="571" room="21" start="204" weeks="111111111111111"/>
    <class days="0001000" id="572" room="21" start="96" weeks="111111111111111"/>
    <class days="0100000" id="573" room="42" start="156" weeks="111111111111111"/>
    <class days="0000100" id="574" room="42" start="168" weeks="111111111111111"/>
    <class days="0100000" id="575" room="20" start="168" weeks="111111111111111"/>
    <class days="0000100" id="576" room="23" start="168" weeks="111111111111111"/>
    <class days="0010000" id="577" room="23" start="168" weeks="111111111111111"/>
    <class days="0100000" id="578" room="24" start="144" weeks="111111111111111"/>
    <class days="0001000" id="579" room="24" start="132" weeks="111111111111111"/>
    <class days="0010000" id="580" room="42" start="132" weeks="111111111111111"/>
    <class days="0010000" id="581" room="42" start="96" weeks="111111111111111"/>
    <class days="0010000" id="582" room="24" start="108" weeks="111111111111111"/>
    <class days="0001000" id="583" room="24" start="180" weeks="111111111111111"/>
    <class days="0000100" id="584" room="21" start="132" weeks="111111111111111"/>
    <class days="0100000" id="585" room="21" start="156" weeks="111111111111111"/>
    <class days="0100000" id="586" room="24" start="96" weeks="111111111111111"/>
    <class days="0100000" id="587" room="24" start="132" weeks="111111111111111"/>
    <class days="0100000" id="588" room="21" start="120" weeks="111111111111111"/>
    <class days="0000100" id="589" room="24" start="168" weeks="111111111111111"/>
    <class days="0001000" id="590" room="41" start="120" weeks="111111111111111"/>
    <class days="0010000" id="591" room="24" start="132" weeks="111111111111111"/>
    <class days="1000000" id="592" room="21" start="204" weeks="111111111111111"/>
    <class days="0010000" id="593" room="21" start="144" weeks="111111111111111"/>
    <class days="0010000" id="594" room="21" start="192" weeks="111111111111111"/>
    <class days="0000100" id="595" room="21" start="108" weeks="111111111111111"/>
    <class days="1000000" id="596" room="21" start="168" weeks="111111111111111"/>
    <class days="0100000" id="597" room="21" start="180" weeks="111111111111111"/>
    <class days="1000000" id="598" room="24" start="192" weeks="111111111111111"/>
    <class days="0000100" id="599" room="21" start="180" weeks="111111111111111"/>
    <class days="0001000" id="600" room="21" start="192" weeks="111111111111111"/>
    <class days="0000100" id="601" room="21" start="156" weeks="111111111111111"/>
    <class days="0010000" id="602" room="21" start="120" weeks="111111111111111"/>
    <class days="1000000" id="603" room="21" start="156" weeks="111111111111111"/>
    <class days="0010000" id="604" room="23" start="120" weeks="111111111111111"/>
    <class days="0010000" id="605" room="41" start="168" weeks="111111111111111"/>
    <class days="1000000" id="606" room="44" start="180" weeks="111111111111111"/>
    <class days="0100000" id="607" room="44" start="108" weeks="111111111111111"/>
    <class days="0001000" id="608" room="42" start="108" weeks="111111111111111"/>
    <class days="0010000" id="609" room="24" start="168" weeks="111111111111111"/>
    <class days="0100000" id="610" room="24" start="168" weeks="111111111111111"/>
    <class days="0100000" id="611" room="42" start="144" weeks="111111111111111"/>
    <class days="0001000" id="612" room="42" start="168" weeks="111111111111111"/>
    <class days="0001000" id="613" room="42" start="120" weeks="111111111111111"/>
    <class days="0001000" id="614" room="23" start="156" weeks="111111111111111"/>
    <class days="1000000" id="615" room="24" start="144" weeks="111111111111111"/>
    <class days="0100000" id="616" room="21" start="96" weeks="111111111111111"/>
    <class days="1000000" id="617" room="24" start="96" weeks="111111111111111"/>
    <class days="0000100" id="618" room="42" start="156" weeks="111111111111111"/>
    <class days="0000100" id="619" room="18" start="192" weeks="111111111111111"/>
    <class days="0010000" id="620" room="42" start="180" weeks="111111111111111"/>
    <class days="0100000" id="621" room="24" start="192" weeks="111111111111111"/>
    <class days="0000100" id="622" room="24" start="96" weeks="111111111111111"/>
    <class days="0001000" id="623" room="24" start="108" weeks="111111111111111"/>
    <class days="0100000" id="624" room="42" start="132" weeks="111111111111111"/>
    <class days="0000100" id="625" room="41" start="96" weeks="111111111111111"/>
    <class days="0000100" id="626" room="41" start="144" weeks="111111111111111"/>
    <class days="1000000" id="627" room="21" start="180" weeks="111111111111111"/>
    <class days="0010000" id="628" room="63" start="204" weeks="111111111111111"/>
    <class days="0000100" id="629" room="63" start="156" weeks="111111111111111"/>
    <class days="0010000" id="630" room="21" start="96" weeks="111111111111111"/>
    <class days="0001000" id="631" room="24" start="156" weeks="111111111111111"/>
    <class days="0000100" id="632" room="24" start="144" weeks="111111111111111"/>
    <class days="1000000" id="633" room="21" start="120" weeks="111111111111111"/>
    <class days="0100000" id="634" room="63" start="144" weeks="111111111111111"/>
    <class days="0001000" id="635" room="21" start="156" weeks="111111111111111"/>
    <class days="0000100" id="636" room="63" start="168" weeks="111111111111111"/>
    <class days="0010000" id="637" room="63" start="168" weeks="111111111111111"/>
    <class days="0001000" id="638" room="63" start="156" weeks="111111111111111"/>
    <class days="1000000" id="639" room="63" start="96" weeks="111111111111111"/>
    <class days="0001000" id="640" room="63" start="168" weeks="111111111111111"/>
    <class days="1000000" id="641" room="63" start="108" weeks="111111111111111"/>
    <class days="0100000" id="642" room="63" start="132" weeks="111111111111111"/>
    <class days="0000100" id="643" room="63" start="108" weeks="111111111111111"/>
    <class days="0001000" id="644" room="63" start="96" weeks="111111111111111"/>
    <class days="1000000" id="645" room="63" start="180" weeks="111111111111111"/>
    <class days="0100000" id="646" room="63" start="168" weeks="111111111111111"/>
    <class days="0010000" id="647" room="63" start="120" weeks="111111111111111"/>
    <class days="0001000" id="648" room="63" start="132" weeks="111111111111111"/>
    <class days="1000000" id="649" room="63" start="168" weeks="111111111111111"/>
    <class days="0000100" id="650" room="63" start="132" weeks="111111111111111"/>
    <class days="1000000" id="651" room="63" start="132" weeks="111111111111111"/>
    <class days="0010000" id="652" room="63" start="96" weeks="111111111111111"/>
    <class days="0100000" id="653" room="63" start="96" weeks="111111111111111"/>
    <class days="0100000" id="654" room="63" start="120" weeks="111111111111111"/>
    <class days="0001000" id="655" room="63" start="108" weeks="111111111111111"/>
    <class days="0001000" id="656" room="63" start="192" weeks="111111111111111"/>
    <class days="1000000" id="657" start="210" weeks="111111111111111"/>
    <class days="0000100" id="658" start="210" weeks="111111111111111"/>
    <class days="0100000" id="659" start="210" weeks="111111111111111"/>
    <class days="0010000" id="660" start="210" weeks="111111111111111"/>
    <class days="0000100" id="661" start="210" weeks="111111111111111"/>
    <class days="0100000" id="662" room="18" start="156" weeks="111111111111111"/>
    <class days="0001000" id="663" room="60" start="132" weeks="111111111111111"/>
    <class days="0100000" id="664" room="46" start="120" weeks="111111111111111"/>
    <class days="0000100" id="665" room="46" start="156" weeks="111111111111111"/>
    <class days="1000000" id="666" room="46" start="96" weeks="111111111111111"/>
    <class days="0000100" id="667" room="62" start="96" weeks="111111111111111"/>
    <class days="0000100" id="668" room="18" start="96" weeks="111111111111111"/>
    <class days="0001000" id="669" room="27" start="156" weeks="111111111111111"/>
    <class days="0010000" id="670" room="46" start="168" weeks="111111111111111"/>
    <class days="1000000" id="671" room="46" start="156" weeks="111111111111111"/>
    <class days="0100000" id="672" room="65" start="96" weeks="111111111111111"/>
    <class days="0000100" id="673" start="132" weeks="111111111111111"/>
    <class days="0000100" id="674" room="60" start="120" weeks="111111111111111"/>
    <class days="0100000" id="675" room="60" start="144" weeks="111111111111111"/>
    <class days="0000100" id="676" room="65" start="96" weeks="111111111111111"/>
    <class days="1000000" id="677" room="27" start="180" weeks="111111111111111"/>
    <class days="0010000" id="678" room="18" start="168" weeks="111111111111111"/>
    <class days="0100000" id="679" room="18" start="132" weeks="111111111111111"/>
    <class days="0001000" id="680" room="18" start="96" weeks="111111111111111"/>
    <class days="0000100" id="681" room="66" start="96" weeks="111111111111111"/>
    <class days="1000000" id="682" room="42" start="168" weeks="111111111111111"/>
    <class days="0100000" id="683" room="42" start="96" weeks="111111111111111"/>
    <class days="1000000" id="684" room="61" start="120" weeks="111111111111111"/>
    <class days="0000100" id="685" room="61" start="144" weeks="111111111111111"/>
    <class days="0100000" id="686" room="46" start="96" weeks="111111111111111"/>
    <class days="0001000" id="687" room="61" start="156" weeks="111111111111111"/>
    <class days="0000100" id="688" room="66" start="108" weeks="111111111111111"/>
    <class days="0100000" id="689" room="62" start="192" weeks="111111111111111"/>
    <class days="0000100" id="690" room="46" start="96" weeks="111111111111111"/>
    <class days="0100000" id="691" room="46" start="180" weeks="111111111111111"/>
    <class days="0010000" id="692" room="42" start="156" weeks="111111111111111"/>
    <class days="0001000" id="693" room="18" start="132" weeks="111111111111111"/>
    <class days="1000000" id="694" room="18" start="168" weeks="111111111111111"/>
    <class days="0010000" id="695" room="60" start="168" weeks="111111111111111"/>
    <class days="1000000" id="696" room="27" start="132" weeks="111111111111111"/>
    <class days="1000000" id="697" room="65" start="120" weeks="111111111111111"/>
    <class days="0010000" id="698" room="46" start="156" weeks="111111111111111"/>
    <class days="0010000" id="699" room="18" start="132" weeks="111111111111111"/>
    <class days="0100000" id="700" room="26" start="96" weeks="111111111111111"/>
    <class days="0010000" id="701" room="66" start="96" weeks="111111111111111"/>
    <class days="1000000" id="702" room="66" start="108" weeks="111111111111111"/>
    <class days="0100000" id="703" room="66" start="168" weeks="111111111111111"/>
    <class days="0010000" id="704" room="36" start="96" weeks="111111111111111"/>
    <class days="0001000" id="705" room="37" start="108" weeks="111111111111111"/>
    <class days="0010000" id="706" room="33" start="168" weeks="111111111111111"/>
    <class days="0100000" id="707" room="61" start="108" weeks="111111111111111"/>
    <class days="0001000" id="708" room="61" start="108" weeks="111111111111111"/>
    <class days="0000100" id="709" room="36" start="120" weeks="111111111111111"/>
    <class days="0100000" id="710" room="59" start="132" weeks="111111111111111"/>
    <class days="0001000" id="711" room="59" start="156" weeks="111111111111111"/>
    <class days="0100000" id="712" room="59" start="156" weeks="111111111111111"/>
    <class days="0001000" id="713" room="59" start="132" weeks="111111111111111"/>
    <class days="0001000" id="714" room="59" start="180" weeks="111111111111111"/>
    <class days="0010000" id="715" room="55" start="96" weeks="111111111111111"/>
    <class days="0001000" id="716" room="4" start="168" weeks="111111111111111"/>
    <class days="0100000" id="717" room="36" start="168" weeks="111111111111111"/>
    <class days="1000000" id="718" room="62" start="120" weeks="111111111111111"/>
    <class days="0000100" id="719" room="61" start="108" weeks="111111111111111"/>
    <class days="0000100" id="720" room="33" start="120" weeks="111111111111111"/>
    <class days="0010000" id="721" room="61" start="120" weeks="111111111111111"/>
    <class days="0100000" id="722" room="61" start="120" weeks="111111111111111"/>
    <class days="0000100" id="723" room="3" start="168" weeks="111111111111111"/>
    <class days="0000100" id="724" room="59" start="156" weeks="111111111111111"/>
    <class days="1000000" id="725" room="59" start="108" weeks="111111111111111"/>
    <class days="0010000" id="726" room="59" start="108" weeks="111111111111111"/>
    <class days="0100000" id="727" room="34" start="120" weeks="111111111111111"/>
    <class days="1000000" id="728" room="61" start="96" weeks="111111111111111"/>
    <class days="0010000" id="729" room="61" start="156" weeks="111111111111111"/>
    <class days="0000100" id="730" room="3" start="120" weeks="111111111111111"/>
    <class days="1000000" id="731" room="61" start="180" weeks="111111111111111"/>
    <class days="0010000" id="732" room="59" start="132" weeks="111111111111111"/>
    <class days="0000100" id="733" room="55" start="168" weeks="111111111111111"/>
    <class days="1000000" id="734" room="59" start="96" weeks="111111111111111"/>
    <class days="0100000" id="735" room="62" start="180" weeks="111111111111111"/>
    <class days="1000000" id="736" room="38" start="120" weeks="111111111111111"/>
    <class days="0000100" id="737" room="55" start="144" weeks="111111111111111"/>
    <class days="0000100" id="738" room="55" start="132" weeks="111111111111111"/>
    <class days="0100000" id="739" room="29" start="120" weeks="111111111111111"/>
    <class days="0000100" id="740" room="59" start="132" weeks="111111111111111"/>
    <class days="1000000" id="741" room="62" start="96" weeks="111111111111111"/>
    <class days="0010000" id="742" room="62" start="96" weeks="111111111111111"/>
    <class days="1000000" id="743" room="59" start="180" weeks="111111111111111"/>
    <class days="0010000" id="744" room="59" start="120" weeks="111111111111111"/>
    <class days="0010000" id="745" room="34" start="168" weeks="111111111111111"/>
    <class days="1000000" id="746" room="59" start="132" weeks="111111111111111"/>
    <class days="0001000" id="747" room="59" start="96" weeks="111111111111111"/>
    <class days="0001000" id="748" room="32" start="120" weeks="111111111111111"/>
    <class days="0100000" id="749" room="59" start="108" weeks="111111111111111"/>
    <class days="0010000" id="750" room="59" start="168" weeks="111111111111111"/>
    <class days="0001000" id="751" room="28" start="168" weeks="111111111111111"/>
    <class days="0100000" id="752" room="59" start="96" weeks="111111111111111"/>
    <class days="0010000" id="753" room="59" start="180" weeks="111111111111111"/>
    <class days="0100000" id="754" room="32" start="156" weeks="111111111111111"/>
    <class days="1000000" id="755" room="1" start="96" weeks="111111111111111"/>
    <class days="1000000" id="756" room="59" start="156" weeks="111111111111111"/>
    <class days="0000100" id="757" room="35" start="156" weeks="111111111111111"/>
    <class days="0010000" id="758" room="59" start="144" weeks="111111111111111"/>
    <class days="1000000" id="759" room="59" start="192" weeks="111111111111111"/>
    <class days="1000000" id="760" room="59" start="144" weeks="111111111111111"/>
    <class days="1000000" id="761" room="59" start="120" weeks="111111111111111"/>
    <class days="0010000" id="762" room="29" start="96" weeks="111111111111111"/>
    <class days="0100000" id="763" room="30" start="168" weeks="111111111111111"/>
    <class days="0001000" id="764" room="39" start="168" weeks="111111111111111"/>
    <class days="0010000" id="765" room="67" start="96" weeks="111111111111111"/>
    <class days="1000000" id="766" room="5" start="168" weeks="111111111111111"/>
    <class days="0000100" id="767" start="108" weeks="111111111111111"/>
    <class days="0000100" id="768" start="168" weeks="111111111111111"/>
    <class days="0100000" id="769" room="30" start="96" weeks="111111111111111"/>
    <class days="0100000" id="770" room="30" start="132" weeks="111111111111111"/>
    <class days="0001000" id="771" room="30" start="132" weeks="111111111111111"/>
    <class days="0001000" id="772" room="30" start="168" weeks="111111111111111"/>
    <class days="1000000" id="773" room="30" start="96" weeks="111111111111111"/>
    <class days="1000000" id="774" room="30" start="168" weeks="111111111111111"/>
    <class days="0010000" id="775" room="30" start="96" weeks="111111111111111"/>
    <class days="0010000" id="776" room="67" start="168" weeks="111111111111111"/>
    <class days="0001000" id="777" room="30" start="96" weeks="111111111111111"/>
    <class days="0001000" id="778" room="35" start="168" weeks="111111111111111"/>
    <class days="1000000" id="779" room="30" start="120" weeks="111111111111111"/>
    <class days="1000000" id="780" room="38" start="168" weeks="111111111111111"/>
    <class days="0000100" id="781" start="168" weeks="111111111111111"/>
    <class days="0000100" id="782" start="108" weeks="111111111111111"/>
</solution>
