fes;time;f
1;46;2147484200
6;62;2147484199
7;62;2147484198
16;62;2147484197
19;62;2147484196
20;78;2147484194
21;78;2147484193
24;78;2147484192
26;78;2147484190
27;78;2147484185
30;78;2147484182
34;78;2147484181
36;78;2147484180
47;93;2147484178
48;93;2147484177
61;109;2147484176
65;109;2147484175
68;109;2147484172
69;109;2147484171
72;109;2147484168
73;109;2147484167
74;109;2147484166
78;109;2147484165
82;109;2147484164
83;109;2147484162
85;125;2147484161
98;125;2147484160
101;125;2147484159
102;125;2147484158
108;125;2147484155
124;140;2147484154
125;140;2147484149
131;140;2147484148
132;140;2147484147
133;156;2147484146
135;156;2147484143
137;156;2147484139
143;156;2147484138
144;156;2147484136
145;156;2147484134
147;156;2147484132
151;156;2147484131
153;156;2147484130
164;171;2147484129
165;187;2147484128
168;187;2147484127
172;187;2147484125
181;203;2147484122
188;203;2147484120
190;203;2147484119
192;203;2147484117
194;203;2147484115
195;203;2147484114
197;203;2147484113
198;203;2147484112
200;203;2147484111
216;218;2147484110
224;218;2147484109
228;218;2147484107
249;234;2147484106
255;234;2147484105
265;234;2147484104
279;250;2147484100
291;250;2147484098
300;250;2147484097
303;250;2147484096
312;265;2147484095
315;265;2147484094
326;265;2147484091
329;265;2147484090
334;265;2147484089
344;281;2147484088
347;281;2147484087
369;281;2147484083
375;281;2147484081
385;296;2147484078
387;296;2147484077
401;296;2147484075
409;296;2147484073
410;296;2147484070
418;312;2147484069
420;312;2147484068
433;312;2147484067
436;312;2147484066
437;312;2147484064
442;312;2147484062
445;312;2147484061
458;328;2147484060
462;328;2147484058
464;328;2147484057
465;328;2147484056
480;328;2147484053
488;328;2147484052
489;328;2147484051
497;343;2147484050
499;343;2147484047
504;343;2147484046
508;343;2147484043
510;343;2147484042
512;343;2147484039
516;343;2147484038
518;359;2147484037
519;359;2147484036
523;359;2147484034
524;359;2147484033
527;359;2147484032
535;359;2147484031
539;359;2147484029
542;359;2147484028
544;374;2147484025
546;374;2147484024
558;374;2147484022
565;374;2147484020
568;374;2147484019
582;390;2147484018
584;390;2147484017
589;390;2147484016
591;390;2147484015
601;406;2147484013
609;406;2147484012
612;406;2147484011
618;406;2147484010
619;406;2147484007
652;421;2147484005
657;421;2147484004
663;437;2147484003
682;437;2147484002
690;453;2147483999
694;453;2147483998
702;453;2147483995
705;453;2147483994
717;469;2147483993
726;475;2147483991
747;481;2147483990
758;481;2147483988
762;481;2147483986
799;496;2147483985
852;527;2147483983
859;527;2147483981
863;527;2147483980
881;543;2147483979
892;543;2147483978
895;543;2147483977
900;543;2147483976
901;543;2147483975
919;559;2147483974
929;559;2147483972
937;559;2147483971
945;559;2147483970
947;574;2147483968
957;574;2147483966
961;574;2147483965
980;590;2147483964
981;590;2147483963
983;590;2147483962
992;590;2147483961
996;590;2147483958
997;590;2147483956
1003;590;2147483955
1007;590;2147483954
1014;606;2147483953
1016;606;2147483951
1028;606;2147483950
1039;606;2147483949
1046;606;2147483947
1053;621;2147483946
1056;621;2147483945
1078;621;2147483944
1098;637;2147483943
1117;637;2147483941
1128;652;2147483940
1130;652;2147483939
1139;652;2147483938
1143;652;2147483937
1153;652;2147483936
1157;652;2147483935
1194;668;2147483934
1244;699;2147483932
1252;699;2147483931
1256;699;2147483930
1268;699;2147483928
1288;715;2147483927
1297;731;2147483926
1310;731;2147483925
1312;731;2147483924
1314;731;2147483923
1330;746;2147483922
1340;746;2147483921
1344;746;2147483920
1367;762;2147483919
1371;762;2147483918
1384;762;2147483917
1408;777;2147483916
1415;777;2147483915
1427;777;2147483914
1465;793;2147483913
1479;809;2147483912
1488;809;2147483911
1493;809;2147483910
1499;809;2147483909
1500;809;2147483908
1512;824;2147483907
1530;824;2147483906
1531;824;2147483905
1539;824;2147483904
1554;840;2147483902
1561;840;2147483901
1564;840;2147483900
1566;840;2147483899
1587;855;2147483898
1628;871;2147483897
1640;871;2147483896
1649;887;2147483895
1656;887;2147483894
1658;887;2147483891
1666;887;2147483890
1668;887;2147483889
1699;902;2147483887
1724;918;2147483886
1726;918;2147483885
1744;918;2147483884
1776;934;2147483883
1784;934;2147483882
1798;934;2147483881
1821;949;2147483880
1839;965;2147483879
1840;965;2147483878
1885;980;2147483877
1922;996;2147483876
1937;996;2147483875
1997;1027;2147483874
2001;1027;2147483873
2016;1027;2147483872
2019;1027;2147483871
2032;1043;2147483870
2080;1059;2147483869
2102;1074;2147483868
2108;1074;2147483867
2113;1074;2147483866
2147;1090;2147483865
2148;1090;2147483864
2224;1121;2147483863
2250;1121;2147483862
2253;1137;2147483861
2297;1152;2147483860
2301;1152;2147483859
2329;1168;2147483858
2352;1168;2147483857
2382;1184;2147483856
2389;1184;2147483855
2397;1199;2147483854
2435;1215;2147483853
2441;1215;2147483852
2449;1215;2147483851
2500;1230;2147483850
2502;1230;2147483849
2506;1230;2147483848
2513;1246;2147483847
2551;1262;2147483846
2559;1262;2147483845
2587;1262;2147483843
2595;1277;2147483842
2629;1293;2147483841
2650;1293;2147483840
2660;1293;2147483839
2681;1309;2147483838
2692;1309;2147483837
2697;1309;2147483836
2735;1324;2147483835
2751;1340;2147483834
2780;1340;2147483832
2790;1355;2147483831
2824;1371;2147483830
2838;1371;2147483829
2859;1387;2147483828
2884;1387;2147483827
2893;1402;2147483826
2942;1418;2147483825
2969;1434;2147483824
2977;1434;2147483823
3026;1449;2147483822
3034;1449;2147483821
3041;1465;2147483820
3046;1465;2147483819
3053;1465;2147483818
3071;1480;2147483817
3091;1480;2147483816
3100;1480;2147483815
3115;1496;2147483814
3142;1496;2147483813
3183;1527;2147483812
3218;1527;2147483811
3257;1543;2147483810
3291;1558;2147483809
3306;1574;2147483808
3348;1590;2147483806
3386;1605;2147483805
3397;1605;2147483804
3415;1605;2147483803
3429;1621;2147483802
3453;1621;2147483801
3456;1637;2147483800
3521;1652;2147483799
3538;1668;2147483798
3587;1683;2147483797
3595;1683;2147483796
3620;1699;2147483795
3641;1699;2147483794
3643;1715;2147483793
3669;1715;2147483792
3680;1715;2147483791
3748;1746;2147483790
3777;1762;2147483789
3851;1793;2147483788
3854;1793;2147483787
3905;1808;2147483786
4008;1855;2147483785
4034;1871;2147483784
4059;1871;2147483783
4086;1887;2147483782
4232;1949;2147483781
4254;1965;2147483780
4317;1980;2147483779
4321;1980;2147483778
4361;1996;2147483777
4431;2027;2147483776
4459;2043;2147483775
4476;2043;2147483774
4536;2074;2147483773
4572;2090;2147483772
4782;2183;2147483771
4867;2215;2147483770
4900;2230;2147483769
4917;2230;2147483768
4968;2261;2147483767
4981;2261;2147483766
5008;2277;2147483765
5058;2293;2147483764
5175;2340;2147483763
5324;2402;2147483762
5334;2402;2147483761
5370;2418;2147483760
5465;2465;2147483759
5486;2465;2147483758
5494;2465;2147483757
5559;2496;2147483756
5588;2511;2147483755
5603;2511;2147483754
5611;2511;2147483753
5627;2527;2147483752
5719;2558;2147483751
5740;2574;2147483750
5841;2605;2147483749
6071;2714;2147483747
6090;2714;2147483746
6151;2746;2147483745
6225;2777;2147483744
6403;2855;2147483743
6451;2871;2147483742
6578;2918;2147483741
6599;2918;2147483740
6614;2933;2147483738
6650;2949;2147483737
6694;2964;2147483736
6905;3042;2147483735
6915;3042;2147483734
6984;3074;2147483733
7049;3105;2147483732
7109;3136;2147483731
7192;3167;2147483730
7265;3199;2147483729
7569;3324;2147483728
7601;3324;2147483727
7686;3371;2147483726
7695;3371;2147483725
7719;3371;2147483724
7737;3386;2147483723
7771;3402;2147483722
8051;3511;2147483721
8240;3589;2147483720
8341;3636;2147483719
8365;3652;2147483718
8861;3839;2147483717
8870;3855;2147483716
9280;4011;2147483715
9450;4089;2147483714
9781;4214;2147483713
10020;4308;2147483712
10061;4323;2147483711
10374;4464;2147483710
10397;4464;2147483709
10472;4495;2147483708
10479;4495;2147483707
10613;4558;2147483706
10746;4605;2147483705
10860;4652;2147483704
11159;4776;2147483703
11165;4792;2147483702
11172;4792;2147483701
11718;5011;2147483700
11771;5026;2147483699
11951;5105;2147483698
12860;5464;2147483697
13616;5761;2147483696
13650;5776;2147483695
13747;5823;2147483694
13973;5901;2147483693
14167;5979;2147483692
14435;6089;2147483691
14671;6182;2147483690
16361;6870;2147483689
16441;6901;2147483688
16483;6917;2147483687
17155;7188;2147483686
17593;7360;2147483685
18114;7563;2147483684
19493;8109;2147483683
21504;8922;2147483682
21928;9109;2147483681
22766;9442;2147483680
23210;9613;2147483679
23989;9926;2147483678
25001;10332;2147483677
25120;10387;2147483676
25211;10418;2147483675
25437;10512;2147483674
25706;10621;2147483673
28896;11912;2147483672
29870;12302;2147483671
30366;12506;2147483670
32777;13474;2147483669
33404;13724;2147483668
34782;14271;2147483667
36355;14921;2147483666
37091;15218;2147483665
39850;16327;2147483664
39969;16374;2147483663
40631;16655;2147483662
41193;16873;2147483661
44510;18217;2147483660
45849;18764;2147483659
50424;20608;2147483658
55587;22672;2147483657
65858;26763;2147483656
71708;29091;2147483655
72278;29325;2147483654
83202;33692;2147483653
94549;38240;2147483652
121104;48907;2147483651
138959;56113;2147483650
180542;72856;2147483649
629054;253133;97309
629055;253133;97305
629056;253133;97301
629105;253149;97297
629211;253196;97293
629228;253211;97289
629244;253211;97161
629278;253227;97151
629284;253227;97147
629287;253227;97143
629310;253243;97139
629342;253258;97135
629355;253258;97131
629387;253274;97091
629417;253289;96982
629503;253321;96943
629515;253321;96939
629532;253336;96935
629533;253336;96931
629551;253336;96891
629580;253352;96887
629743;253414;96883
629753;253430;96737
629757;253430;96733
629912;253493;96729
629943;253508;96725
630124;253586;96721
630173;253602;96685
630201;253617;96681
630303;253649;96677
630318;253649;96673
630323;253664;96669
630362;253680;96665
630377;253680;96661
630407;253696;96657
630447;253711;96653
630450;253711;96613
630505;253727;96609
630555;253758;96605
630597;253774;96565
630664;253789;96561
630828;253867;96557
630835;253867;96553
630865;253883;96549
630907;253899;96509
630920;253899;96505
631154;253992;96501
631180;254008;96497
631187;254008;96493
631205;254024;96490
631210;254024;96486
631232;254024;96482
631239;254024;96322
631457;254117;96282
631568;254164;96176
631682;254211;96137
631695;254211;96133
631796;254258;96129
631810;254258;96090
631819;254258;96087
631839;254274;96083
631873;254289;96079
631893;254289;96075
632044;254352;96031
632066;254352;95875
632171;254399;95871
632251;254430;95868
632322;254461;95864
632362;254477;95860
632378;254492;95820
632446;254524;95816
632459;254524;95815
632521;254555;95709
632616;254586;95705
632675;254617;95701
632702;254617;95697
632730;254633;95693
632744;254633;95689
633035;254758;95685
633049;254773;95681
633050;254773;95677
633068;254773;95673
633102;254789;95669
633226;254836;95629
633261;254852;95625
633281;254867;95621
633300;254867;95585
633607;254992;95581
633666;255023;95577
633700;255039;95573
633771;255070;95533
633814;255086;95529
633864;255102;95525
633935;255133;95486
633949;255133;95482
633959;255133;95478
633991;255148;95438
634061;255180;95435
634116;255211;95431
634156;255227;95427
634282;255273;95267
634363;255305;95263
634479;255351;95259
634542;255383;95255
634566;255383;95254
634723;255445;95250
634830;255492;95206
634882;255523;95176
634918;255539;95162
634922;255539;95002
634926;255539;94842
635001;255570;94802
635040;255586;94798
635078;255601;94794
635282;255680;94790
635670;255836;94786
635723;255851;94626
635741;255867;94618
635839;255914;94512
635862;255914;94508
635924;255945;94504
636004;255976;94500
636052;255992;94496
636159;256039;94492
636201;256054;94491
636203;256054;94487
636506;256179;94483
636551;256195;94479
636701;256258;94469
637058;256398;94465
637096;256414;94319
637272;256492;94315
637479;256586;94311
637534;256617;94151
637644;256664;94147
637949;256804;94141
637959;256804;94138
637965;256804;94134
638370;256976;94130
638674;257085;94126
638764;257132;94122
638775;257132;94118
638808;257148;94114
638863;257164;94110
638887;257179;94070
638996;257226;93910
639430;257398;93906
639518;257429;93896
639658;257492;93892
639678;257492;93888
639855;257570;93887
639888;257570;93883
639958;257601;93879
640108;257663;93876
640244;257726;93872
640381;257788;93716
640389;257788;93712
640410;257804;93708
640669;257898;93704
640686;257913;93700
640763;257945;93696
640816;257960;93692
641008;258038;93688
641208;258116;93684
641418;258210;93648
641573;258273;93488
641578;258273;93328
641585;258273;93324
641879;258398;93168
641979;258429;93136
642053;258460;93097
642254;258554;93057
642256;258554;93053
642273;258554;93016
642360;258585;93012
642547;258663;93011
642773;258757;92999
642811;258773;92995
642819;258773;92835
642844;258788;92825
643242;258944;92785
643389;259007;92745
643621;259101;92705
643867;259194;92701
643984;259241;92661
644390;259421;92657
644623;259514;92653
644911;259624;92493
645011;259671;92489
645098;259702;92485
645142;259718;92475
645147;259718;92471
645294;259780;92311
645502;259874;92267
645555;259889;92263
645756;259968;92259
646028;260077;92255
646152;260124;92251
646324;260202;92214
646570;260296;92178
646682;260342;92174
647070;260499;92162
647210;260561;92158
647262;260577;92114
647270;260577;92070
647285;260592;92066
647489;260670;92030
647490;260670;92026
647605;260717;92022
647665;260733;92018
647765;260780;92014
648659;261139;92010
648943;261264;92006
649189;261358;92002
649229;261373;91846
649731;261577;91842
649783;261592;91798
650004;261686;91795
650407;261858;91791
650445;261873;91787
650679;261967;91783
651044;262108;91779
651451;262280;91778
651768;262404;91775
651803;262420;91771
651999;262498;91767
652002;262498;91731
652099;262545;91727
652393;262654;91567
653088;262936;91411
653349;263045;91251
653528;263107;91247
654008;263311;91243
654094;263342;91207
654531;263529;91203
654717;263592;91047
655185;263795;91043
655188;263795;91003
655222;263810;90843
655488;263920;90839
655819;264045;90803
655916;264092;90767
656434;264295;90607
657105;264560;90603
657435;264701;90447
658161;264998;90443
658187;265013;90387
658250;265029;90383
659499;265544;90340
659540;265560;90339
659818;265669;90335
659872;265701;90295
660486;265951;90291
660499;265951;90131
660634;266013;90087
661179;266216;90047
661294;266263;90031
661351;266295;90027
661789;266466;89987
661837;266482;89831
662050;266576;89828
662053;266576;89668
662821;266888;89508
663071;266982;89352
663502;267154;89348
664246;267478;89344
664985;267766;89340
665186;267845;89301
665474;267970;89297
665846;268126;89253
666783;268501;89093
667115;268641;89057
667454;268766;88901
667463;268782;88900
667679;268860;88740
667806;268907;88736
667812;268922;88580
668140;269047;88576
668482;269188;88575
668574;269219;88419
668590;269235;88415
668629;269250;88375
668986;269391;88359
669349;269547;88320
669641;269657;88160
669788;269719;88124
670228;269907;88120
670322;269938;87964
670534;270032;87924
670693;270094;87920
671131;270282;87916
672445;270797;87876
672776;270938;87872
673137;271094;87833
674421;271609;87673
675300;271969;87669
676186;272328;87665
676456;272437;87621
676707;272531;87475
677085;272687;87474
677552;272875;87438
677848;273000;87278
677921;273031;87122
679314;273609;86966
679333;273609;86810
679958;273874;86650
680662;274171;86610
680703;274187;86450
681941;274687;86290
682436;274890;86286
682639;274968;86282
682856;275062;86278
685150;275990;86122
685275;276037;85966
685947;276318;85930
685974;276334;85926
686958;276724;85916
689523;277786;85876
690408;278146;85720
691220;278474;85684
691332;278521;85556
691479;278583;85520
691819;278724;85360
692093;278833;85200
692573;279036;85196
692839;279146;85157
693559;279439;85001
694005;279626;84997
694476;279829;84841
694734;279939;84835
696467;280657;84675
697126;280923;84515
697539;281079;84475
698049;281298;84435
698065;281298;84399
698150;281329;84239
699706;281969;84235
700483;282282;84075
702182;282985;83919
702931;283282;83915
703160;283375;83755
703769;283625;83599
703906;283688;83559
707791;285252;83403
708082;285377;83247
709728;286049;83083
710917;286530;82923
711098;286608;82887
711380;286717;82727
712212;287061;82691
712703;287264;82531
713701;287670;82375
713839;287717;82371
717403;289186;82215
717631;289279;82055
717977;289436;82048
718236;289529;81888
718954;289826;81852
719784;290154;81808
720760;290560;81768
720898;290605;81608
720943;290621;81564
722055;291074;81404
723790;291778;81367
726883;293043;81337
731358;294871;81177
733223;295635;81173
733381;295698;81163
733600;295791;81003
734333;296088;80964
735393;296525;80960
735436;296541;80800
735713;296650;80799
735905;296729;80639
738580;297838;80483
739028;298018;80444
741354;298974;80288
742202;299317;80132
743019;299645;80128
743467;299833;80124
743686;299911;79964
744025;300051;79960
744304;300161;79924
744852;300379;79881
748196;301748;79725
748655;301936;79722
750197;302561;79566
750827;302826;79410
750891;302842;79250
752001;303295;79090
752969;303685;78930
755100;304545;78770
755685;304779;78766
756952;305294;78763
757199;305404;78759
759000;306138;78599
759090;306185;78443
759239;306232;78439
759391;306294;78436
760031;306560;78276
760525;306763;78236
761048;306966;78076
761055;306966;78072
762591;307606;78029
763166;307841;78025
764525;308403;77865
764573;308419;77864
764965;308575;77708
765044;308606;77678
765804;308919;77518
766158;309059;77362
766225;309090;77206
767125;309461;77046
767829;309743;76886
767976;309805;76730
768552;310039;76694
771033;311055;76690
771956;311445;76687
776027;313121;76683
776069;313137;76682
776585;313340;76522
776864;313465;76362
778869;314293;76322
779231;314433;76162
779615;314590;76006
779824;314668;75966
780653;315011;75806
782572;315792;75646
783519;316183;75610
785055;316823;75450
785816;317120;75290
788153;318085;75130
788242;318131;74970
792481;319881;74810
793248;320209;74774
794005;320506;74614
801231;323471;74458
804633;324869;74454
810091;327109;74294
813198;328374;74134
814958;329093;73974
815743;329421;73814
818060;330355;73654
821159;331620;73494
821897;331932;73334
825043;333213;73290
825605;333448;73286
825727;333495;73283
826053;333620;73123
827512;334229;72963
828203;334510;72923
829670;335119;72767
830948;335650;72607
831440;335853;72451
832599;336338;72415
836890;338103;72255
837253;338243;72215
840620;339622;72059
843106;340653;72019
843764;340919;71859
847054;342262;71699
847063;342278;71543
850183;343543;71503
850646;343731;71499
850992;343871;71339
852296;344418;71183
854807;345433;71143
855406;345683;71107
863666;349055;70979
866673;350320;70978
868372;351023;70977
868516;351070;70817
868682;351132;70657
870268;351820;70653
870674;351991;70493
875795;354069;70333
876033;354163;70329
877442;354741;70169
878299;355100;70129
879438;355584;70128
879657;355678;69968
880210;355912;69808
880442;356006;69648
881667;356506;69644
881824;356568;69484
883148;357100;69324
883623;357287;69164
898400;363340;69004
901009;364402;68994
903476;365433;68838
904318;365777;68678
904739;365949;68518
916751;370913;68362
919957;372225;68349
922508;373287;68348
922848;373428;68188
927204;375225;68152
929684;376240;68142
934815;378349;68138
940965;380864;68102
944930;382509;67946
946206;383025;67910
948730;384056;67904
950147;384634;67744
955653;386899;67584
958376;388016;67424
959076;388297;67264
963802;390249;67224
969750;392686;67220
977229;395733;67174
977722;395936;67014
980486;397076;66858
991248;401496;66822
994309;402761;66662
995395;403199;66502
996180;403527;66459
998036;404295;66455
1422850;574382;66404
1426554;575897;66244
1431482;577881;66240
1433414;578678;66080
1435025;579334;65920
1435727;579615;65760
1435813;579647;65720
1442811;582498;65560
1445531;583607;65400
1447876;584566;65240
1448247;584722;65204
1448934;585004;65200
1449361;585175;65192
1451109;585894;65036
1455091;587519;64876
1465935;591971;64716
1468149;592878;64712
1485239;599876;64552
1489318;601532;64392
1489696;601689;64391
1503658;607411;64231
1503659;607411;64075
1511316;610551;64071
1527568;617198;64070
1534414;619995;63910
1538092;621494;63754
1545260;624416;63713
1545671;624572;63553
1553857;627968;63393
1554149;628078;63237
1554468;628203;63077
1555314;628562;62917
1565395;632674;62761
1574143;636260;62601
1590151;642821;62441
1593999;644394;62281
1596097;645254;62245
1597856;645964;62235
1600232;646948;62195
1600593;647104;62035
1601747;647573;62005
1606260;649416;61966
1608531;650340;61962
1612987;652185;61918
1618111;654263;61908
1619086;654669;61748
1629005;658721;61588
1633411;660518;61428
1634379;660924;61392
1638033;662408;61389
1642387;664173;61353
1656791;670063;61197
1661792;672110;61037
1662804;672532;60877
1670020;675452;60873
1674547;677286;60713
1675620;677730;60709
1690486;683797;60549
1691333;684156;60510
1705920;690090;60504
1725540;698109;60344
1731763;700640;60341
1737966;703180;60305
1743141;705293;60301
1750839;708433;60145
1753751;709636;60105
1757191;711049;59945
1773940;717938;59941
1774477;718156;59781
1776781;719109;59745
1797222;727498;59705
1800168;728701;59549
1851071;749605;59393
1867278;756254;59353
1867490;756347;59193
1868055;756582;59033
1903673;771179;58873
1911551;774426;58713
1913364;775161;58677
1920314;778004;58517
1939644;785933;58357
1984977;804478;58197
3205843;1293477;58179
3212942;1296414;58019
3213753;1296742;58016
3215015;1297257;57976
3266205;1318377;57820
3271705;1320642;57784
3292123;1329043;57624
3315192;1338520;57620
3335316;1346757;57616
3341036;1349147;57456
3350761;1353173;57420
3357171;1355813;57260
3373374;1362472;57100
3374695;1363018;56940
3380598;1365454;56904
3385520;1367469;56744
3403231;1374812;56584
3446029;1392484;56424
3481493;1407055;56384
3486271;1409039;56224
3641413;1473015;56064
3664210;1482372;55904
3712769;1502398;55903
3723264;1506701;55743
3757065;1520610;55707
3806712;1541160;55551
3807401;1541457;55515
3823565;1548096;55355
3878029;1570605;55339
3945792;1598575;55179
3983354;1614061;55175
3998189;1620157;55171
7153860;2879988;55046
7155670;2880722;54886
7158875;2882034;54726
7161899;2883253;54570
7165187;2884613;54410
7194549;2896648;54406
7211953;2903791;54246
7222040;2907915;54086
7235677;2913461;53930
7237551;2914227;53770
7269796;2927468;53610
7291546;2936403;53570
7323077;2949331;53410
7323692;2949588;53250
7353692;2961943;53090
7355602;2962739;52934
7395288;2979018;52774
7410391;2985236;52730
7466843;3008321;52570
7480806;3014038;52410
7511324;3026539;52250
7529957;3034226;52090
7586378;3057312;52087
7693445;3101210;51927
7702800;3105037;51767
7712381;3108953;51607
7829084;3156744;51447
7975665;3216747;51417
9863130;3973718;51325
9900611;3989030;51165
9912662;3993936;51009
9933118;4002311;50970
9955326;4011378;50810
9982076;4022235;50654
9985837;4023781;50494
10034873;4043812;50451
10044042;4047534;50291
10053434;4051335;50131
10084749;4064131;49971
10188020;4106347;49815
10211815;4116085;49775
10214365;4117131;49735
10239496;4127485;49575
10253740;4133309;49534
10258473;4135230;49530
10264437;4137698;49370
10266026;4138339;49366
10266899;4138698;49206
10302413;4153274;49046
10324144;4162257;48890
10336130;4167174;48886
10378981;4184798;48726
10389991;4189286;48723
10390340;4189427;48563
10598560;4274635;48527
10645101;4293694;48491
10783837;4350529;48331
10883659;4391284;48171
10906362;4400547;48011
10938077;4413636;48007
11213481;4526690;47847
11280642;4554282;47687
11380783;4595288;47651
22629938;9118472;47622
22891142;9225745;47616
22935123;9243837;47456
23010743;9274891;47296
23045552;9289123;47136
23236278;9367476;46976
23476442;9466413;46970
23675336;9548124;46810
23906399;9643225;46800
23975610;9671669;46640
#
# name: Hill Climbing RS
# algorithm_class: solver.HillClimbingWithRS
# instance: nbi-spr18
# seed: 7454098069160648621
# bestF: 46640
# DTF: 0
# cost: 46640
# startTime: 1769395792777
# totalTime: 43200007
# totalFEs: 107136197
# maxFEs: 9223372036854775807
# maxMilliSeconds: 43200000
# maxSeconds: 43200
#
<?xml version="1.0" encoding="UTF-8" standalone="no"?>
<solution author="ScholORs" cores="1" country="China and Malaysia" institution="Bejing/Hefei/Malaysia" name="nbi-spr18" runtime="43200" technique="hillclimbingwithrs">
    <class days="0100000" id="1" room="34" start="168" weeks="111111111111111"/>
    <class days="0100000" id="2" room="60" start="180" weeks="111111111111111"/>
    <class days="1000000" id="3" room="60" start="192" weeks="111111111111111"/>
    <class days="0000100" id="4" room="60" start="180" weeks="111111111111111"/>
    <class days="0001000" id="5" room="60" start="192" weeks="111111111111111"/>
    <class days="0100000" id="6" room="62" start="156" weeks="111111111111111"/>
    <class days="0000100" id="7" room="62" start="120" weeks="111111111111111"/>
    <class days="0001000" id="8" start="144" weeks="111111111111111"/>
    <class days="0100000" id="9" room="62" start="180" weeks="111111111111111"/>
    <class days="0010000" id="10" room="42" start="144" weeks="111111111111111"/>
    <class days="0001000" id="11" room="62" start="120" weeks="111111111111111"/>
    <class days="1000000" id="12" room="27" start="96" weeks="111111111111111"/>
    <class days="0000100" id="13" room="18" start="168" weeks="111111111111111"/>
    <class days="0001000" id="14" room="27" start="144" weeks="111111111111111"/>
    <class days="0000100" id="15" room="46" start="108" weeks="111111111111111"/>
    <class days="1000000" id="16" room="62" start="108" weeks="111111111111111"/>
    <class days="1000000" id="17" room="27" start="120" weeks="111111111111111"/>
    <class days="1000000" id="18" room="18" start="144" weeks="111111111111111"/>
    <class days="0100000" id="19" room="18" start="132" weeks="111111111111111"/>
    <class days="0100000" id="20" room="27" start="156" weeks="111111111111111"/>
    <class days="0000100" id="21" room="46" start="168" weeks="111111111111111"/>
    <class days="1000000" id="22" room="17" start="210" weeks="111111111111111"/>
    <class days="0100000" id="23" room="17" start="210" weeks="111111111111111"/>
    <class days="0000100" id="24" room="17" start="210" weeks="111111111111111"/>
    <class days="0001000" id="25" room="17" start="210" weeks="111111111111111"/>
    <class days="0010000" id="26" room="17" start="210" weeks="111111111111111"/>
    <class days="0100000" id="27" room="42" start="210" weeks="111111111111111"/>
    <class days="0010000" id="28" room="42" start="210" weeks="111111111111111"/>
    <class days="0000100" id="29" room="42" start="210" weeks="111111111111111"/>
    <class days="1000000" id="30" room="42" start="210" weeks="111111111111111"/>
    <class days="0001000" id="31" room="42" start="210" weeks="111111111111111"/>
    <class days="0000100" id="32" room="67" start="132" weeks="111111111111111"/>
    <class days="1000000" id="33" room="57" start="132" weeks="111111111111111"/>
    <class days="1000000" id="34" room="2" start="132" weeks="111111111111111"/>
    <class days="0100000" id="35" room="59" start="132" weeks="111111111111111"/>
    <class days="1000000" id="36" room="55" start="120" weeks="111111111111111"/>
    <class days="0010000" id="37" room="1" start="120" weeks="111111111111111"/>
    <class days="0100000" id="38" room="32" start="168" weeks="111111111111111"/>
    <class days="0010000" id="39" room="38" start="96" weeks="111111111111111"/>
    <class days="0001000" id="40" room="16" start="132" weeks="111111111111111"/>
    <class days="0100000" id="41" room="62" start="132" weeks="111111111111111"/>
    <class days="0001000" id="42" room="61" start="144" weeks="111111111111111"/>
    <class days="1000000" id="43" room="36" start="120" weeks="111111111111111"/>
    <class days="1000000" id="44" room="61" start="108" weeks="111111111111111"/>
    <class days="0010000" id="45" room="62" start="120" weeks="111111111111111"/>
    <class days="1000000" id="46" room="33" start="168" weeks="111111111111111"/>
    <class days="0010000" id="47" room="61" start="132" weeks="111111111111111"/>
    <class days="0001000" id="48" room="61" start="96" weeks="111111111111111"/>
    <class days="0001000" id="49" room="37" start="120" weeks="111111111111111"/>
    <class days="0000100" id="50" room="47" start="210" weeks="111111111111111"/>
    <class days="0001000" id="51" room="47" start="210" weeks="111111111111111"/>
    <class days="0010000" id="52" room="47" start="210" weeks="111111111111111"/>
    <class days="0100000" id="53" room="47" start="210" weeks="111111111111111"/>
    <class days="0001000" id="54" start="210" weeks="111111111111111"/>
    <class days="0001000" id="55" room="61" start="168" weeks="111111111111111"/>
    <class days="0000100" id="56" room="37" start="156" weeks="111111111111111"/>
    <class days="0100000" id="57" room="62" start="120" weeks="111111111111111"/>
    <class days="0000100" id="58" room="59" start="156" weeks="111111111111111"/>
    <class days="0001000" id="59" room="36" start="120" weeks="111111111111111"/>
    <class days="0000100" id="60" room="61" start="132" weeks="111111111111111"/>
    <class days="0010000" id="61" room="37" start="96" weeks="111111111111111"/>
    <class days="0100000" id="62" room="61" start="108" weeks="111111111111111"/>
    <class days="0000100" id="63" room="61" start="156" weeks="111111111111111"/>
    <class days="0001000" id="64" room="36" start="168" weeks="111111111111111"/>
    <class days="1000000" id="65" room="59" start="120" weeks="111111111111111"/>
    <class days="0001000" id="66" room="37" start="168" weeks="111111111111111"/>
    <class days="1000000" id="67" room="55" start="132" weeks="111111111111111"/>
    <class days="0010000" id="68" room="55" start="144" weeks="111111111111111"/>
    <class days="0010000" id="69" room="35" start="168" weeks="111111111111111"/>
    <class days="0100000" id="70" room="59" start="180" weeks="111111111111111"/>
    <class days="0010000" id="71" room="62" start="132" weeks="111111111111111"/>
    <class days="0000100" id="72" room="35" start="96" weeks="111111111111111"/>
    <class days="0100000" id="73" room="59" start="120" weeks="111111111111111"/>
    <class days="0010000" id="74" room="62" start="96" weeks="111111111111111"/>
    <class days="0010000" id="75" room="32" start="168" weeks="111111111111111"/>
    <class days="1000000" id="76" room="59" start="108" weeks="111111111111111"/>
    <class days="0001000" id="77" room="61" start="108" weeks="111111111111111"/>
    <class days="0010000" id="78" room="37" start="132" weeks="111111111111111"/>
    <class days="0100000" id="79" room="1" start="96" weeks="111111111111111"/>
    <class days="0100000" id="80" room="37" start="120" weeks="111111111111111"/>
    <class days="1000000" id="81" room="56" start="120" weeks="111111111111111"/>
    <class days="1000000" id="82" room="6" start="168" weeks="111111111111111"/>
    <class days="1000000" id="83" room="1" start="108" weeks="111111111111111"/>
    <class days="1000000" id="84" room="55" start="180" weeks="111111111111111"/>
    <class days="0100000" id="85" room="55" start="168" weeks="111111111111111"/>
    <class days="0010000" id="86" room="61" start="108" weeks="111111111111111"/>
    <class days="0001000" id="87" room="62" start="108" weeks="111111111111111"/>
    <class days="0100000" id="88" room="58" start="120" weeks="111111111111111"/>
    <class days="0000100" id="89" room="55" start="120" weeks="111111111111111"/>
    <class days="0010000" id="90" room="1" start="132" weeks="111111111111111"/>
    <class days="0010000" id="91" room="58" start="168" weeks="111111111111111"/>
    <class days="1000000" id="92" room="67" start="144" weeks="111111111111111"/>
    <class days="1000000" id="93" room="34" start="96" weeks="111111111111111"/>
    <class days="0001000" id="94" room="67" start="120" weeks="111111111111111"/>
    <class days="0001000" id="95" room="34" start="144" weeks="111111111111111"/>
    <class days="0000100" id="96" room="30" start="132" weeks="111111111111111"/>
    <class days="0001000" id="97" room="5" start="168" weeks="111111111111111"/>
    <class days="0000100" id="98" room="67" start="96" weeks="111111111111111"/>
    <class days="0010000" id="99" room="30" start="168" weeks="111111111111111"/>
    <class days="0100000" id="100" room="67" start="168" weeks="111111111111111"/>
    <class days="0001000" id="101" room="55" start="168" weeks="111111111111111"/>
    <class days="0000100" id="102" start="108" weeks="111111111111111"/>
    <class days="0000100" id="103" start="168" weeks="111111111111111"/>
    <class days="0001000" id="104" room="67" start="96" weeks="111111111111111"/>
    <class days="0001000" id="105" room="33" start="120" weeks="111111111111111"/>
    <class days="0010000" id="106" room="67" start="120" weeks="111111111111111"/>
    <class days="0010000" id="107" room="36" start="168" weeks="111111111111111"/>
    <class days="1000000" id="108" room="67" start="120" weeks="111111111111111"/>
    <class days="1000000" id="109" room="3" start="168" weeks="111111111111111"/>
    <class days="0000100" id="110" room="30" start="108" weeks="111111111111111"/>
    <class days="0000100" id="111" room="30" start="168" weeks="111111111111111"/>
    <class days="1000000" id="112" room="9" start="96" weeks="111111111111111"/>
    <class days="0010000" id="113" room="9" start="132" weeks="111111111111111"/>
    <class days="0100000" id="114" room="9" start="96" weeks="111111111111111"/>
    <class days="0001000" id="115" room="11" start="120" weeks="111111111111111"/>
    <class days="0000100" id="116" room="15" start="84" weeks="111111111111111"/>
    <class days="0000100" id="117" room="61" start="120" weeks="111111111111111"/>
    <class days="0010000" id="118" room="27" start="108" weeks="111111111111111"/>
    <class days="0100000" id="119" room="27" start="132" weeks="111111111111111"/>
    <class days="0100000" id="120" room="61" start="168" weeks="111111111111111"/>
    <class days="0000100" id="121" room="62" start="144" weeks="111111111111111"/>
    <class days="0010000" id="122" room="9" start="180" weeks="111111111111111"/>
    <class days="1000000" id="123" room="11" start="168" weeks="111111111111111"/>
    <class days="0001000" id="124" room="11" start="168" weeks="111111111111111"/>
    <class days="0010000" id="125" room="15" start="96" weeks="111111111111111"/>
    <class days="0000100" id="126" room="15" start="120" weeks="111111111111111"/>
    <class days="0100000" id="127" room="9" start="108" weeks="111111111111111"/>
    <class days="0000100" id="128" room="9" start="120" weeks="111111111111111"/>
    <class days="0001000" id="129" room="9" start="120" weeks="111111111111111"/>
    <class days="0000100" id="130" room="8" start="156" weeks="111111111111111"/>
    <class days="0010000" id="131" room="64" start="96" weeks="111111111111111"/>
    <class days="0100000" id="132" room="64" start="144" weeks="111111111111111"/>
    <class days="0010000" id="133" room="64" start="180" weeks="111111111111111"/>
    <class days="0001000" id="134" room="64" start="132" weeks="111111111111111"/>
    <class days="0000100" id="135" room="64" start="120" weeks="111111111111111"/>
    <class days="0010000" id="136" room="64" start="120" weeks="111111111111111"/>
    <class days="1000000" id="137" room="64" start="168" weeks="111111111111111"/>
    <class days="0001000" id="138" room="64" start="144" weeks="111111111111111"/>
    <class days="0010000" id="139" room="64" start="144" weeks="111111111111111"/>
    <class days="0000100" id="140" room="64" start="144" weeks="111111111111111"/>
    <class days="0001000" id="141" room="49" start="210" weeks="111111111111111"/>
    <class days="0100000" id="142" room="49" start="210" weeks="111111111111111"/>
    <class days="0000100" id="143" room="49" start="210" weeks="111111111111111"/>
    <class days="1000000" id="144" room="49" start="210" weeks="111111111111111"/>
    <class days="0100000" id="145" room="53" start="210" weeks="111111111111111"/>
    <class days="1000000" id="146" room="53" start="210" weeks="111111111111111"/>
    <class days="0000100" id="147" room="53" start="210" weeks="111111111111111"/>
    <class days="0001000" id="148" room="53" start="210" weeks="111111111111111"/>
    <class days="0010000" id="149" room="9" start="96" weeks="111111111111111"/>
    <class days="0010000" id="150" room="18" start="168" weeks="111111111111111"/>
    <class days="0000100" id="151" room="64" start="96" weeks="111111111111111"/>
    <class days="0010000" id="152" room="64" start="168" weeks="111111111111111"/>
    <class days="1000000" id="153" room="64" start="96" weeks="111111111111111"/>
    <class days="1000000" id="154" room="64" start="132" weeks="111111111111111"/>
    <class days="0001000" id="155" room="64" start="108" weeks="111111111111111"/>
    <class days="0010000" id="156" room="64" start="132" weeks="111111111111111"/>
    <class days="0100000" id="157" room="64" start="96" weeks="111111111111111"/>
    <class days="1000000" id="158" room="64" start="144" weeks="111111111111111"/>
    <class days="1000000" id="159" room="60" start="96" weeks="111111111111111"/>
    <class days="0010000" id="160" room="60" start="96" weeks="111111111111111"/>
    <class days="0100000" id="161" room="8" start="144" weeks="111111111111111"/>
    <class days="1000000" id="162" room="8" start="144" weeks="111111111111111"/>
    <class days="0000100" id="163" room="13" start="132" weeks="111111111111111"/>
    <class days="0001000" id="164" room="8" start="96" weeks="111111111111111"/>
    <class days="0000100" id="165" room="8" start="120" weeks="111111111111111"/>
    <class days="1000000" id="166" room="60" start="168" weeks="111111111111111"/>
    <class days="0010000" id="167" room="8" start="120" weeks="111111111111111"/>
    <class days="0100000" id="168" room="13" start="108" weeks="111111111111111"/>
    <class days="0001000" id="169" room="60" start="96" weeks="111111111111111"/>
    <class days="0100000" id="170" room="60" start="156" weeks="111111111111111"/>
    <class days="1000000" id="171" room="10" start="108" weeks="111111111111111"/>
    <class days="1000000" id="172" room="10" start="168" weeks="111111111111111"/>
    <class days="0010000" id="173" room="10" start="120" weeks="111111111111111"/>
    <class days="0000100" id="174" room="9" start="168" weeks="111111111111111"/>
    <class days="0010000" id="175" room="62" start="108" weeks="111111111111111"/>
    <class days="0100000" id="176" room="60" start="168" weeks="111111111111111"/>
    <class days="1000000" id="177" room="60" start="144" weeks="111111111111111"/>
    <class days="0000100" id="178" room="12" start="108" weeks="111111111111111"/>
    <class days="1000000" id="179" room="15" start="168" weeks="111111111111111"/>
    <class days="0100000" id="180" room="15" start="120" weeks="111111111111111"/>
    <class days="0010000" id="181" room="15" start="120" weeks="111111111111111"/>
    <class days="0100000" id="182" room="27" start="84" weeks="111111111111111"/>
    <class days="0010000" id="183" room="27" start="84" weeks="111111111111111"/>
    <class days="1000000" id="184" room="27" start="180" weeks="111111111111111"/>
    <class days="0010000" id="185" room="61" start="120" weeks="111111111111111"/>
    <class days="0000100" id="186" room="61" start="168" weeks="111111111111111"/>
    <class days="1000000" id="187" room="9" start="180" weeks="111111111111111"/>
    <class days="0010000" id="188" room="27" start="96" weeks="111111111111111"/>
    <class days="0001000" id="189" room="9" start="96" weeks="111111111111111"/>
    <class days="1000000" id="190" room="62" start="132" weeks="111111111111111"/>
    <class days="0001000" id="191" room="62" start="180" weeks="111111111111111"/>
    <class days="1000000" id="192" room="61" start="156" weeks="111111111111111"/>
    <class days="0010000" id="193" room="9" start="108" weeks="111111111111111"/>
    <class days="0010000" id="194" room="62" start="144" weeks="111111111111111"/>
    <class days="0100000" id="195" room="61" start="156" weeks="111111111111111"/>
    <class days="1000000" id="196" room="13" start="168" weeks="111111111111111"/>
    <class days="0001000" id="197" room="13" start="168" weeks="111111111111111"/>
    <class days="0000100" id="198" room="62" start="132" weeks="111111111111111"/>
    <class days="0001000" id="199" room="62" start="96" weeks="111111111111111"/>
    <class days="0000100" id="200" room="9" start="192" weeks="111111111111111"/>
    <class days="0010000" id="201" room="10" start="96" weeks="111111111111111"/>
    <class days="0001000" id="202" room="10" start="120" weeks="111111111111111"/>
    <class days="0001000" id="203" room="9" start="144" weeks="111111111111111"/>
    <class days="1000000" id="204" room="9" start="144" weeks="111111111111111"/>
    <class days="0000100" id="205" room="27" start="132" weeks="111111111111111"/>
    <class days="1000000" id="206" room="9" start="156" weeks="111111111111111"/>
    <class days="1000000" id="207" room="15" start="96" weeks="111111111111111"/>
    <class days="0001000" id="208" room="15" start="120" weeks="111111111111111"/>
    <class days="1000000" id="209" room="15" start="120" weeks="111111111111111"/>
    <class days="0100000" id="210" room="15" start="156" weeks="111111111111111"/>
    <class days="0000100" id="211" room="9" start="96" weeks="111111111111111"/>
    <class days="0000100" id="212" room="15" start="156" weeks="111111111111111"/>
    <class days="0000100" id="213" room="9" start="144" weeks="111111111111111"/>
    <class days="0010000" id="214" room="9" start="156" weeks="111111111111111"/>
    <class days="0100000" id="215" room="8" start="96" weeks="111111111111111"/>
    <class days="0100000" id="216" room="14" start="144" weeks="111111111111111"/>
    <class days="1000000" id="217" room="14" start="144" weeks="111111111111111"/>
    <class days="0100000" id="218" room="14" start="96" weeks="111111111111111"/>
    <class days="0100000" id="219" room="14" start="120" weeks="111111111111111"/>
    <class days="0001000" id="220" room="14" start="108" weeks="111111111111111"/>
    <class days="0010000" id="221" room="14" start="132" weeks="111111111111111"/>
    <class days="0001000" id="222" room="14" start="168" weeks="111111111111111"/>
    <class days="0000100" id="223" room="14" start="120" weeks="111111111111111"/>
    <class days="0000100" id="224" room="14" start="96" weeks="111111111111111"/>
    <class days="0100000" id="225" room="14" start="132" weeks="111111111111111"/>
    <class days="1000000" id="226" room="14" start="156" weeks="111111111111111"/>
    <class days="0010000" id="227" room="14" start="120" weeks="111111111111111"/>
    <class days="0100000" id="228" start="96" weeks="111111111111111"/>
    <class days="0100000" id="229" start="120" weeks="111111111111111"/>
    <class days="0100000" id="230" room="61" start="180" weeks="111111111111111"/>
    <class days="0100000" id="231" room="9" start="156" weeks="111111111111111"/>
    <class days="0001000" id="232" room="15" start="156" weeks="111111111111111"/>
    <class days="0010000" id="233" room="11" start="168" weeks="111111111111111"/>
    <class days="1000000" id="234" room="11" start="204" weeks="111111111111111"/>
    <class days="0000100" id="235" room="11" start="168" weeks="111111111111111"/>
    <class days="0010000" id="236" room="61" start="180" weeks="111111111111111"/>
    <class days="0001000" id="237" room="9" start="180" weeks="111111111111111"/>
    <class days="0100000" id="238" room="11" start="168" weeks="111111111111111"/>
    <class days="0100000" id="239" room="11" start="120" weeks="111111111111111"/>
    <class days="0100000" id="240" room="12" start="120" weeks="111111111111111"/>
    <class days="0001000" id="241" room="9" start="168" weeks="111111111111111"/>
    <class days="0001000" id="242" room="15" start="96" weeks="111111111111111"/>
    <class days="0001000" id="243" room="62" start="168" weeks="111111111111111"/>
    <class days="1000000" id="244" room="15" start="144" weeks="111111111111111"/>
    <class days="0010000" id="245" room="15" start="168" weeks="111111111111111"/>
    <class days="0010000" id="246" room="11" start="96" weeks="111111111111111"/>
    <class days="0000100" id="247" room="11" start="132" weeks="111111111111111"/>
    <class days="0100000" id="248" room="9" start="132" weeks="111111111111111"/>
    <class days="1000000" id="249" room="9" start="132" weeks="111111111111111"/>
    <class days="0100000" id="250" room="15" start="96" weeks="111111111111111"/>
    <class days="1000000" id="251" room="12" start="132" weeks="111111111111111"/>
    <class days="0100000" id="252" room="9" start="180" weeks="111111111111111"/>
    <class days="0001000" id="253" room="9" start="108" weeks="111111111111111"/>
    <class days="0001000" id="254" room="27" start="120" weeks="111111111111111"/>
    <class days="0000100" id="255" room="11" start="108" weeks="111111111111111"/>
    <class days="0100000" id="256" room="14" start="168" weeks="111111111111111"/>
    <class days="1000000" id="257" room="14" start="96" weeks="111111111111111"/>
    <class days="0000100" id="258" room="14" start="132" weeks="111111111111111"/>
    <class days="0001000" id="259" room="14" start="156" weeks="111111111111111"/>
    <class days="1000000" id="260" room="14" start="180" weeks="111111111111111"/>
    <class days="0010000" id="261" room="14" start="144" weeks="111111111111111"/>
    <class days="0000100" id="262" room="14" start="168" weeks="111111111111111"/>
    <class days="0001000" id="263" room="14" start="144" weeks="111111111111111"/>
    <class days="0010000" id="264" room="14" start="168" weeks="111111111111111"/>
    <class days="0001000" id="265" room="14" start="96" weeks="111111111111111"/>
    <class days="0010000" id="266" room="27" start="156" weeks="111111111111111"/>
    <class days="0010000" id="267" room="50" start="96" weeks="111111111111111"/>
    <class days="0001000" id="268" room="50" start="156" weeks="111111111111111"/>
    <class days="0000100" id="269" room="51" start="156" weeks="111111111111111"/>
    <class days="0010000" id="270" room="50" start="192" weeks="111111111111111"/>
    <class days="0000100" id="271" room="17" start="96" weeks="111111111111111"/>
    <class days="0100000" id="272" room="27" start="96" weeks="111111111111111"/>
    <class days="0001000" id="273" room="50" start="96" weeks="111111111111111"/>
    <class days="0100000" id="274" room="50" start="96" weeks="111111111111111"/>
    <class days="0000100" id="275" room="27" start="156" weeks="111111111111111"/>
    <class days="1000000" id="276" room="50" start="96" weeks="111111111111111"/>
    <class days="0000100" id="277" room="50" start="156" weeks="111111111111111"/>
    <class days="1000000" id="278" room="50" start="120" weeks="111111111111111"/>
    <class days="0100000" id="279" room="48" start="132" weeks="111111111111111"/>
    <class days="1000000" id="280" room="48" start="120" weeks="111111111111111"/>
    <class days="1000000" id="281" room="50" start="168" weeks="111111111111111"/>
    <class days="1000000" id="282" room="48" start="180" weeks="111111111111111"/>
    <class days="0010000" id="283" room="50" start="120" weeks="111111111111111"/>
    <class days="0100000" id="284" room="50" start="132" weeks="111111111111111"/>
    <class days="0000100" id="285" room="51" start="96" weeks="111111111111111"/>
    <class days="0100000" id="286" room="52" start="168" weeks="111111111111111"/>
    <class days="0001000" id="287" room="48" start="156" weeks="111111111111111"/>
    <class days="0001000" id="288" room="17" start="120" weeks="111111111111111"/>
    <class days="0000100" id="289" room="50" start="132" weeks="111111111111111"/>
    <class days="0100000" id="290" room="50" start="180" weeks="111111111111111"/>
    <class days="0000100" id="291" room="50" start="192" weeks="111111111111111"/>
    <class days="1000000" id="292" room="17" start="168" weeks="111111111111111"/>
    <class days="0001000" id="293" room="50" start="192" weeks="111111111111111"/>
    <class days="1000000" id="294" room="50" start="144" weeks="111111111111111"/>
    <class days="0001000" id="295" room="48" start="96" weeks="111111111111111"/>
    <class days="0010000" id="296" room="52" start="168" weeks="111111111111111"/>
    <class days="0001000" id="297" room="48" start="192" weeks="111111111111111"/>
    <class days="0100000" id="298" room="52" start="144" weeks="111111111111111"/>
    <class days="0100000" id="299" room="64" start="156" weeks="111111111111111"/>
    <class days="0001000" id="300" room="64" start="156" weeks="111111111111111"/>
    <class days="0000100" id="301" room="48" start="96" weeks="111111111111111"/>
    <class days="0010000" id="302" room="48" start="132" weeks="111111111111111"/>
    <class days="1000000" id="303" room="52" start="96" weeks="111111111111111"/>
    <class days="0001000" id="304" room="48" start="132" weeks="111111111111111"/>
    <class days="0100000" id="305" room="48" start="192" weeks="111111111111111"/>
    <class days="0000100" id="306" room="48" start="132" weeks="111111111111111"/>
    <class days="1000000" id="307" room="50" start="192" weeks="111111111111111"/>
    <class days="1000000" id="308" room="48" start="156" weeks="111111111111111"/>
    <class days="0001000" id="309" room="50" start="120" weeks="111111111111111"/>
    <class days="0010000" id="310" room="48" start="156" weeks="111111111111111"/>
    <class days="0010000" id="311" room="52" start="96" weeks="111111111111111"/>
    <class days="0000100" id="312" room="51" start="132" weeks="111111111111111"/>
    <class days="0010000" id="313" room="48" start="96" weeks="111111111111111"/>
    <class days="1000000" id="314" room="48" start="96" weeks="111111111111111"/>
    <class days="0100000" id="315" room="48" start="96" weeks="111111111111111"/>
    <class days="0000100" id="316" room="48" start="156" weeks="111111111111111"/>
    <class days="0000100" id="317" room="50" start="96" weeks="111111111111111"/>
    <class days="0010000" id="318" room="51" start="96" weeks="111111111111111"/>
    <class days="0000100" id="319" room="52" start="156" weeks="111111111111111"/>
    <class days="0000100" id="320" room="48" start="192" weeks="111111111111111"/>
    <class days="0001000" id="321" room="51" start="192" weeks="111111111111111"/>
    <class days="0001000" id="322" room="51" start="120" weeks="111111111111111"/>
    <class days="0001000" id="323" room="51" start="156" weeks="111111111111111"/>
    <class days="0000100" id="324" room="17" start="120" weeks="111111111111111"/>
    <class days="0100000" id="325" room="51" start="120" weeks="111111111111111"/>
    <class days="0001000" id="326" room="17" start="96" weeks="111111111111111"/>
    <class days="1000000" id="327" room="51" start="156" weeks="111111111111111"/>
    <class days="0010000" id="328" room="51" start="156" weeks="111111111111111"/>
    <class days="0100000" id="329" room="1" start="132" weeks="111111111111111"/>
    <class days="0000100" id="330" room="56" start="144" weeks="111111111111111"/>
    <class days="1000000" id="331" room="37" start="120" weeks="111111111111111"/>
    <class days="0100000" id="332" room="55" start="120" weeks="111111111111111"/>
    <class days="0001000" id="333" room="55" start="120" weeks="111111111111111"/>
    <class days="0001000" id="334" room="3" start="168" weeks="111111111111111"/>
    <class days="0001000" id="335" room="59" start="156" weeks="111111111111111"/>
    <class days="0100000" id="336" room="57" start="108" weeks="111111111111111"/>
    <class days="0100000" id="337" room="46" start="156" weeks="111111111111111"/>
    <class days="1000000" id="338" room="46" start="120" weeks="111111111111111"/>
    <class days="0001000" id="339" room="46" start="120" weeks="111111111111111"/>
    <class days="0100000" id="340" room="18" start="180" weeks="111111111111111"/>
    <class days="0001000" id="341" room="60" start="144" weeks="111111111111111"/>
    <class days="0000100" id="342" room="60" start="108" weeks="111111111111111"/>
    <class days="0000100" id="343" room="60" start="96" weeks="111111111111111"/>
    <class days="0100000" id="344" room="60" start="96" weeks="111111111111111"/>
    <class days="0001000" id="345" room="18" start="156" weeks="111111111111111"/>
    <class days="0000100" id="346" room="18" start="120" weeks="111111111111111"/>
    <class days="0000100" id="347" room="42" start="96" weeks="111111111111111"/>
    <class days="0001000" id="348" room="42" start="144" weeks="111111111111111"/>
    <class days="0010000" id="349" start="144" weeks="111111111111111"/>
    <class days="0001000" id="350" start="168" weeks="111111111111111"/>
    <class days="1000000" id="351" room="62" start="144" weeks="111111111111111"/>
    <class days="0010000" id="352" room="46" start="96" weeks="111111111111111"/>
    <class days="0000100" id="353" room="60" start="156" weeks="111111111111111"/>
    <class days="0001000" id="354" room="60" start="180" weeks="111111111111111"/>
    <class days="0010000" id="355" room="60" start="120" weeks="111111111111111"/>
    <class days="1000000" id="356" room="60" start="156" weeks="111111111111111"/>
    <class days="0010000" id="357" room="46" start="120" weeks="111111111111111"/>
    <class days="0010000" id="358" room="46" start="108" weeks="111111111111111"/>
    <class days="0100000" id="359" room="60" start="120" weeks="111111111111111"/>
    <class days="1000000" id="360" room="60" start="132" weeks="111111111111111"/>
    <class days="0000100" id="361" room="65" start="156" weeks="111111111111111"/>
    <class days="0100000" id="362" room="65" start="108" weeks="111111111111111"/>
    <class days="0000100" id="363" room="60" start="132" weeks="111111111111111"/>
    <class days="1000000" id="364" room="60" start="120" weeks="111111111111111"/>
    <class days="0010000" id="365" room="26" start="156" weeks="111111111111111"/>
    <class days="0001000" id="366" room="17" start="192" weeks="111111111111111"/>
    <class days="1000000" id="367" room="18" start="108" weeks="111111111111111"/>
    <class days="0010000" id="368" room="18" start="96" weeks="111111111111111"/>
    <class days="0010000" id="369" room="65" start="144" weeks="111111111111111"/>
    <class days="0001000" id="370" room="65" start="156" weeks="111111111111111"/>
    <class days="1000000" id="371" room="62" start="180" weeks="111111111111111"/>
    <class days="0010000" id="372" room="18" start="192" weeks="111111111111111"/>
    <class days="1000000" id="373" room="62" start="156" weeks="111111111111111"/>
    <class days="0000100" id="374" room="18" start="108" weeks="111111111111111"/>
    <class days="0001000" id="375" room="17" start="168" weeks="111111111111111"/>
    <class days="0100000" id="376" room="17" start="156" weeks="111111111111111"/>
    <class days="0010000" id="377" start="144" weeks="111111111111111"/>
    <class days="0000100" id="378" start="192" weeks="111111111111111"/>
    <class days="0000100" id="379" room="22" start="108" weeks="111111111111111"/>
    <class days="0001000" id="380" room="22" start="120" weeks="111111111111111"/>
    <class days="1000000" id="381" room="46" start="96" weeks="111111111111111"/>
    <class days="0100000" id="382" room="18" start="120" weeks="111111111111111"/>
    <class days="0100000" id="383" room="46" start="108" weeks="111111111111111"/>
    <class days="0000100" id="384" room="18" start="96" weeks="111111111111111"/>
    <class days="0001000" id="385" room="18" start="96" weeks="111111111111111"/>
    <class days="1000000" id="386" room="18" start="132" weeks="111111111111111"/>
    <class days="0100000" id="387" room="61" start="120" weeks="111111111111111"/>
    <class days="0010000" id="388" room="18" start="120" weeks="111111111111111"/>
    <class days="0001000" id="389" room="27" start="96" weeks="111111111111111"/>
    <class days="0100000" id="390" room="62" start="96" weeks="111111111111111"/>
    <class days="0100000" id="391" room="42" start="180" weeks="111111111111111"/>
    <class days="0001000" id="392" room="27" start="192" weeks="111111111111111"/>
    <class days="0000100" id="393" room="66" start="132" weeks="111111111111111"/>
    <class days="0100000" id="394" room="66" start="180" weeks="111111111111111"/>
    <class days="0010000" id="395" room="61" start="144" weeks="111111111111111"/>
    <class days="1000000" id="396" room="18" start="96" weeks="111111111111111"/>
    <class days="0001000" id="397" room="61" start="120" weeks="111111111111111"/>
    <class days="0010000" id="398" room="62" start="168" weeks="111111111111111"/>
    <class days="0000100" id="399" start="120" weeks="111111111111111"/>
    <class days="0001000" id="400" start="96" weeks="111111111111111"/>
    <class days="0100000" id="401" room="26" start="108" weeks="111111111111111"/>
    <class days="0001000" id="402" room="26" start="96" weeks="111111111111111"/>
    <class days="0010000" id="403" room="17" start="132" weeks="111111111111111"/>
    <class days="0000100" id="404" room="26" start="96" weeks="111111111111111"/>
    <class days="0001000" id="405" room="26" start="132" weeks="111111111111111"/>
    <class days="0100000" id="406" room="26" start="144" weeks="111111111111111"/>
    <class days="0100000" id="407" start="96" weeks="111111111111111"/>
    <class days="0000100" id="408" start="108" weeks="111111111111111"/>
    <class days="0001000" id="409" room="65" start="120" weeks="111111111111111"/>
    <class days="0100000" id="410" room="66" start="120" weeks="111111111111111"/>
    <class days="0001000" id="411" room="66" start="108" weeks="111111111111111"/>
    <class days="1000000" id="412" room="47" start="120" weeks="111111111111111"/>
    <class days="0000100" id="413" room="26" start="120" weeks="111111111111111"/>
    <class days="0001000" id="414" start="120" weeks="111111111111111"/>
    <class days="1000000" id="415" room="22" start="108" weeks="111111111111111"/>
    <class days="0000100" id="416" room="66" start="168" weeks="111111111111111"/>
    <class days="0010000" id="417" room="47" start="120" weeks="111111111111111"/>
    <class days="0010000" id="418" room="26" start="120" weeks="111111111111111"/>
    <class days="0000100" id="419" room="17" start="180" weeks="111111111111111"/>
    <class days="1000000" id="420" room="17" start="96" weeks="111111111111111"/>
    <class days="0001000" id="421" room="26" start="108" weeks="111111111111111"/>
    <class days="1000000" id="422" room="26" start="168" weeks="111111111111111"/>
    <class days="0010000" id="423" room="17" start="156" weeks="111111111111111"/>
    <class days="0000100" id="424" room="26" start="168" weeks="111111111111111"/>
    <class days="0010000" id="425" room="26" start="144" weeks="111111111111111"/>
    <class days="0010000" id="426" room="26" start="96" weeks="111111111111111"/>
    <class days="0001000" id="427" room="26" start="120" weeks="111111111111111"/>
    <class days="0100000" id="428" room="17" start="132" weeks="111111111111111"/>
    <class days="1000000" id="429" room="26" start="132" weeks="111111111111111"/>
    <class days="1000000" id="430" room="49" start="168" weeks="111111111111111"/>
    <class days="0001000" id="431" room="44" start="132" weeks="111111111111111"/>
    <class days="1000000" id="432" room="49" start="132" weeks="111111111111111"/>
    <class days="0100000" id="433" room="49" start="120" weeks="111111111111111"/>
    <class days="1000000" id="434" room="49" start="96" weeks="111111111111111"/>
    <class days="0010000" id="435" room="54" start="108" weeks="111111111111111"/>
    <class days="1000000" id="436" room="18" start="168" weeks="111111111111111"/>
    <class days="1000000" id="437" room="54" start="132" weeks="111111111111111"/>
    <class days="0100000" id="438" room="54" start="120" weeks="111111111111111"/>
    <class days="0001000" id="439" room="54" start="120" weeks="111111111111111"/>
    <class days="0001000" id="440" room="18" start="168" weeks="111111111111111"/>
    <class days="1000000" id="441" room="26" start="144" weeks="111111111111111"/>
    <class days="0001000" id="442" room="17" start="144" weeks="111111111111111"/>
    <class days="0010000" id="443" room="17" start="168" weeks="111111111111111"/>
    <class days="0010000" id="444" room="17" start="96" weeks="111111111111111"/>
    <class days="1000000" id="445" room="17" start="120" weeks="111111111111111"/>
    <class days="1000000" id="446" room="26" start="96" weeks="111111111111111"/>
    <class days="0100000" id="447" room="17" start="168" weeks="111111111111111"/>
    <class days="0001000" id="448" room="49" start="168" weeks="111111111111111"/>
    <class days="0010000" id="449" room="49" start="120" weeks="111111111111111"/>
    <class days="0001000" id="450" room="49" start="132" weeks="111111111111111"/>
    <class days="0000100" id="451" room="17" start="144" weeks="111111111111111"/>
    <class days="1000000" id="452" room="26" start="192" weeks="111111111111111"/>
    <class days="0010000" id="453" room="49" start="96" weeks="111111111111111"/>
    <class days="0000100" id="454" room="49" start="108" weeks="111111111111111"/>
    <class days="0001000" id="455" room="26" start="156" weeks="111111111111111"/>
    <class days="0010000" id="456" room="49" start="144" weeks="111111111111111"/>
    <class days="0001000" id="457" room="49" start="96" weeks="111111111111111"/>
    <class days="0100000" id="458" room="49" start="96" weeks="111111111111111"/>
    <class days="0100000" id="459" room="49" start="168" weeks="111111111111111"/>
    <class days="0000100" id="460" room="49" start="168" weeks="111111111111111"/>
    <class days="0010000" id="461" room="49" start="168" weeks="111111111111111"/>
    <class days="1000000" id="462" room="17" start="144" weeks="111111111111111"/>
    <class days="0000100" id="463" room="54" start="132" weeks="111111111111111"/>
    <class days="1000000" id="464" room="54" start="96" weeks="111111111111111"/>
    <class days="0000100" id="465" room="54" start="168" weeks="111111111111111"/>
    <class days="0100000" id="466" room="44" start="144" weeks="111111111111111"/>
    <class days="0010000" id="467" room="53" start="144" weeks="111111111111111"/>
    <class days="1000000" id="468" start="192" weeks="111111111111111"/>
    <class days="0010000" id="469" start="96" weeks="111111111111111"/>
    <class days="0100000" id="470" room="54" start="168" weeks="111111111111111"/>
    <class days="1000000" id="471" room="44" start="96" weeks="111111111111111"/>
    <class days="0001000" id="472" room="54" start="96" weeks="111111111111111"/>
    <class days="0000100" id="473" room="49" start="132" weeks="111111111111111"/>
    <class days="0010000" id="474" room="53" start="180" weeks="111111111111111"/>
    <class days="0001000" id="475" room="53" start="96" weeks="111111111111111"/>
    <class days="0001000" id="476" room="53" start="168" weeks="111111111111111"/>
    <class days="1000000" id="477" room="53" start="144" weeks="111111111111111"/>
    <class days="0100000" id="478" room="53" start="120" weeks="111111111111111"/>
    <class days="0100000" id="479" room="53" start="168" weeks="111111111111111"/>
    <class days="1000000" id="480" room="53" start="96" weeks="111111111111111"/>
    <class days="0100000" id="481" room="53" start="144" weeks="111111111111111"/>
    <class days="1000000" id="482" room="53" start="168" weeks="111111111111111"/>
    <class days="0010000" id="483" room="53" start="120" weeks="111111111111111"/>
    <class days="0100000" id="484" room="26" start="168" weeks="111111111111111"/>
    <class days="0000100" id="485" room="53" start="144" weeks="111111111111111"/>
    <class days="0100000" id="486" room="53" start="96" weeks="111111111111111"/>
    <class days="0000100" id="487" room="53" start="96" weeks="111111111111111"/>
    <class days="0000100" id="488" room="53" start="120" weeks="111111111111111"/>
    <class days="1000000" id="489" room="53" start="120" weeks="111111111111111"/>
    <class days="0000100" id="490" room="53" start="168" weeks="111111111111111"/>
    <class days="0001000" id="491" room="53" start="144" weeks="111111111111111"/>
    <class days="0010000" id="492" room="53" start="96" weeks="111111111111111"/>
    <class days="0001000" id="493" room="53" start="120" weeks="111111111111111"/>
    <class days="0010000" id="494" start="180" weeks="111111111111111"/>
    <class days="0001000" id="495" start="96" weeks="111111111111111"/>
    <class days="0010000" id="496" room="49" start="210" weeks="111111111111111"/>
    <class days="1000000" id="497" room="21" start="132" weeks="111111111111111"/>
    <class days="0000100" id="498" room="21" start="204" weeks="111111111111111"/>
    <class days="0010000" id="499" room="21" start="168" weeks="111111111111111"/>
    <class days="0000100" id="500" room="21" start="144" weeks="111111111111111"/>
    <class days="1000000" id="501" room="42" start="132" weeks="111111111111111"/>
    <class days="0100000" id="502" room="42" start="168" weeks="111111111111111"/>
    <class days="1000000" id="503" room="24" start="168" weeks="111111111111111"/>
    <class days="0001000" id="504" room="42" start="168" weeks="111111111111111"/>
    <class days="0010000" id="505" room="42" start="132" weeks="111111111111111"/>
    <class days="0001000" id="506" room="24" start="192" weeks="111111111111111"/>
    <class days="0000100" id="507" room="63" start="156" weeks="111111111111111"/>
    <class days="0010000" id="508" room="24" start="168" weeks="111111111111111"/>
    <class days="1000000" id="509" room="41" start="120" weeks="111111111111111"/>
    <class days="1000000" id="510" room="63" start="108" weeks="111111111111111"/>
    <class days="1000000" id="511" room="63" start="144" weeks="111111111111111"/>
    <class days="0010000" id="512" room="24" start="156" weeks="111111111111111"/>
    <class days="0001000" id="513" room="21" start="168" weeks="111111111111111"/>
    <class days="0100000" id="514" room="24" start="120" weeks="111111111111111"/>
    <class days="0000100" id="515" room="63" start="192" weeks="111111111111111"/>
    <class days="0100000" id="516" room="63" start="156" weeks="111111111111111"/>
    <class days="0100000" id="517" room="63" start="192" weeks="111111111111111"/>
    <class days="0001000" id="518" room="27" start="156" weeks="111111111111111"/>
    <class days="0001000" id="519" room="52" start="96" weeks="111111111111111"/>
    <class days="0000100" id="520" room="52" start="96" weeks="111111111111111"/>
    <class days="0000100" id="521" room="52" start="120" weeks="111111111111111"/>
    <class days="0001000" id="522" room="52" start="168" weeks="111111111111111"/>
    <class days="1000000" id="523" room="52" start="168" weeks="111111111111111"/>
    <class days="0100000" id="524" room="52" start="96" weeks="111111111111111"/>
    <class days="0100000" id="525" room="51" start="156" weeks="111111111111111"/>
    <class days="1000000" id="526" room="51" start="132" weeks="111111111111111"/>
    <class days="1000000" id="527" room="27" start="144" weeks="111111111111111"/>
    <class days="0100000" id="528" room="48" start="168" weeks="111111111111111"/>
    <class days="0010000" id="529" room="52" start="132" weeks="111111111111111"/>
    <class days="1000000" id="530" room="52" start="132" weeks="111111111111111"/>
    <class days="0010000" id="531" room="50" start="156" weeks="111111111111111"/>
    <class days="0100000" id="532" room="51" start="96" weeks="111111111111111"/>
    <class days="1000000" id="533" room="51" start="96" weeks="111111111111111"/>
    <class days="0100000" id="534" room="50" start="156" weeks="111111111111111"/>
    <class days="0010000" id="535" room="48" start="180" weeks="111111111111111"/>
    <class days="0001000" id="536" room="50" start="168" weeks="111111111111111"/>
    <class days="0001000" id="537" room="52" start="132" weeks="111111111111111"/>
    <class days="0001000" id="538" room="51" start="96" weeks="111111111111111"/>
    <class days="0010000" id="539" room="51" start="120" weeks="111111111111111"/>
    <class days="1000000" id="540" room="27" start="192" weeks="111111111111111"/>
    <class days="0000100" id="541" room="27" start="96" weeks="111111111111111"/>
    <class days="0010000" id="542" room="27" start="120" weeks="111111111111111"/>
    <class days="0100000" id="543" room="27" start="192" weeks="111111111111111"/>
    <class days="0000100" id="544" room="27" start="192" weeks="111111111111111"/>
    <class days="0010000" id="545" room="27" start="192" weeks="111111111111111"/>
    <class days="0000100" id="546" room="46" start="132" weeks="111111111111111"/>
    <class days="0010000" id="547" room="46" start="168" weeks="111111111111111"/>
    <class days="0001000" id="548" room="19" start="96" weeks="111111111111111"/>
    <class days="0001000" id="549" room="46" start="144" weeks="111111111111111"/>
    <class days="0001000" id="550" room="60" start="108" weeks="111111111111111"/>
    <class days="0000100" id="551" room="19" start="108" weeks="111111111111111"/>
    <class days="0100000" id="552" room="42" start="96" weeks="111111111111111"/>
    <class days="1000000" id="553" room="41" start="180" weeks="111111111111111"/>
    <class days="1000000" id="554" room="42" start="108" weeks="111111111111111"/>
    <class days="1000000" id="555" room="42" start="96" weeks="111111111111111"/>
    <class days="0000100" id="556" room="42" start="168" weeks="111111111111111"/>
    <class days="0001000" id="557" room="42" start="120" weeks="111111111111111"/>
    <class days="0001000" id="558" room="25" start="168" weeks="111111111111111"/>
    <class days="1000000" id="559" room="23" start="168" weeks="111111111111111"/>
    <class days="0001000" id="560" room="23" start="144" weeks="111111111111111"/>
    <class days="0000100" id="561" room="23" start="108" weeks="111111111111111"/>
    <class days="0010000" id="562" room="60" start="192" weeks="111111111111111"/>
    <class days="0100000" id="563" room="46" start="144" weeks="111111111111111"/>
    <class days="0010000" id="564" room="19" start="96" weeks="111111111111111"/>
    <class days="1000000" id="565" room="46" start="132" weeks="111111111111111"/>
    <class days="1000000" id="566" room="46" start="204" weeks="111111111111111"/>
    <class days="1000000" id="567" room="19" start="156" weeks="111111111111111"/>
    <class days="0010000" id="568" room="24" start="120" weeks="111111111111111"/>
    <class days="0001000" id="569" room="24" start="96" weeks="111111111111111"/>
    <class days="1000000" id="570" room="23" start="108" weeks="111111111111111"/>
    <class days="0100000" id="571" room="21" start="204" weeks="111111111111111"/>
    <class days="0001000" id="572" room="21" start="120" weeks="111111111111111"/>
    <class days="0000100" id="573" room="42" start="132" weeks="111111111111111"/>
    <class days="0001000" id="574" room="42" start="96" weeks="111111111111111"/>
    <class days="0100000" id="575" room="20" start="168" weeks="111111111111111"/>
    <class days="0000100" id="576" room="23" start="168" weeks="111111111111111"/>
    <class days="0010000" id="577" room="23" start="168" weeks="111111111111111"/>
    <class days="1000000" id="578" room="24" start="120" weeks="111111111111111"/>
    <class days="0000100" id="579" room="24" start="108" weeks="111111111111111"/>
    <class days="1000000" id="580" room="42" start="168" weeks="111111111111111"/>
    <class days="0010000" id="581" room="42" start="96" weeks="111111111111111"/>
    <class days="0001000" id="582" room="24" start="144" weeks="111111111111111"/>
    <class days="0001000" id="583" room="24" start="180" weeks="111111111111111"/>
    <class days="0100000" id="584" room="21" start="120" weeks="111111111111111"/>
    <class days="0100000" id="585" room="21" start="156" weeks="111111111111111"/>
    <class days="0100000" id="586" room="24" start="132" weeks="111111111111111"/>
    <class days="0010000" id="587" room="24" start="144" weeks="111111111111111"/>
    <class days="0010000" id="588" room="21" start="96" weeks="111111111111111"/>
    <class days="0000100" id="589" room="24" start="144" weeks="111111111111111"/>
    <class days="0000100" id="590" room="41" start="96" weeks="111111111111111"/>
    <class days="0010000" id="591" room="21" start="132" weeks="111111111111111"/>
    <class days="1000000" id="592" room="21" start="204" weeks="111111111111111"/>
    <class days="0010000" id="593" room="21" start="144" weeks="111111111111111"/>
    <class days="0010000" id="594" room="21" start="192" weeks="111111111111111"/>
    <class days="0000100" id="595" room="21" start="108" weeks="111111111111111"/>
    <class days="1000000" id="596" room="21" start="168" weeks="111111111111111"/>
    <class days="0100000" id="597" room="21" start="96" weeks="111111111111111"/>
    <class days="1000000" id="598" room="24" start="192" weeks="111111111111111"/>
    <class days="0000100" id="599" room="21" start="180" weeks="111111111111111"/>
    <class days="0001000" id="600" room="21" start="192" weeks="111111111111111"/>
    <class days="0000100" id="601" room="21" start="120" weeks="111111111111111"/>
    <class days="0100000" id="602" room="21" start="168" weeks="111111111111111"/>
    <class days="1000000" id="603" room="21" start="156" weeks="111111111111111"/>
    <class days="0100000" id="604" room="23" start="168" weeks="111111111111111"/>
    <class days="0010000" id="605" room="41" start="168" weeks="111111111111111"/>
    <class days="1000000" id="606" room="44" start="180" weeks="111111111111111"/>
    <class days="0100000" id="607" room="44" start="108" weeks="111111111111111"/>
    <class days="0000100" id="608" room="42" start="120" weeks="111111111111111"/>
    <class days="0100000" id="609" room="24" start="168" weeks="111111111111111"/>
    <class days="1000000" id="610" room="21" start="180" weeks="111111111111111"/>
    <class days="0001000" id="611" room="42" start="156" weeks="111111111111111"/>
    <class days="0100000" id="612" room="42" start="120" weeks="111111111111111"/>
    <class days="0010000" id="613" room="42" start="108" weeks="111111111111111"/>
    <class days="0001000" id="614" room="23" start="108" weeks="111111111111111"/>
    <class days="1000000" id="615" room="24" start="144" weeks="111111111111111"/>
    <class days="1000000" id="616" room="24" start="96" weeks="111111111111111"/>
    <class days="0001000" id="617" room="21" start="144" weeks="111111111111111"/>
    <class days="0000100" id="618" room="42" start="156" weeks="111111111111111"/>
    <class days="0010000" id="619" room="42" start="180" weeks="111111111111111"/>
    <class days="0001000" id="620" room="42" start="192" weeks="111111111111111"/>
    <class days="0100000" id="621" room="24" start="192" weeks="111111111111111"/>
    <class days="0000100" id="622" room="24" start="96" weeks="111111111111111"/>
    <class days="0001000" id="623" room="24" start="108" weeks="111111111111111"/>
    <class days="0100000" id="624" room="42" start="132" weeks="111111111111111"/>
    <class days="0100000" id="625" room="41" start="144" weeks="111111111111111"/>
    <class days="0001000" id="626" room="41" start="156" weeks="111111111111111"/>
    <class days="0010000" id="627" room="24" start="96" weeks="111111111111111"/>
    <class days="0001000" id="628" room="42" start="132" weeks="111111111111111"/>
    <class days="0001000" id="629" room="63" start="96" weeks="111111111111111"/>
    <class days="0000100" id="630" room="21" start="156" weeks="111111111111111"/>
    <class days="0100000" id="631" room="24" start="96" weeks="111111111111111"/>
    <class days="0100000" id="632" room="24" start="156" weeks="111111111111111"/>
    <class days="1000000" id="633" room="21" start="108" weeks="111111111111111"/>
    <class days="1000000" id="634" room="63" start="168" weeks="111111111111111"/>
    <class days="0000100" id="635" room="24" start="168" weeks="111111111111111"/>
    <class days="0001000" id="636" room="63" start="132" weeks="111111111111111"/>
    <class days="0010000" id="637" room="63" start="144" weeks="111111111111111"/>
    <class days="0010000" id="638" room="63" start="168" weeks="111111111111111"/>
    <class days="1000000" id="639" room="63" start="96" weeks="111111111111111"/>
    <class days="0100000" id="640" room="63" start="96" weeks="111111111111111"/>
    <class days="1000000" id="641" room="63" start="120" weeks="111111111111111"/>
    <class days="0010000" id="642" room="63" start="180" weeks="111111111111111"/>
    <class days="0000100" id="643" room="63" start="96" weeks="111111111111111"/>
    <class days="0000100" id="644" room="63" start="144" weeks="111111111111111"/>
    <class days="0010000" id="645" room="63" start="108" weeks="111111111111111"/>
    <class days="0100000" id="646" room="63" start="168" weeks="111111111111111"/>
    <class days="0000100" id="647" room="63" start="120" weeks="111111111111111"/>
    <class days="0001000" id="648" room="63" start="108" weeks="111111111111111"/>
    <class days="0100000" id="649" room="63" start="120" weeks="111111111111111"/>
    <class days="0100000" id="650" room="63" start="132" weeks="111111111111111"/>
    <class days="0000100" id="651" room="63" start="168" weeks="111111111111111"/>
    <class days="0001000" id="652" room="63" start="168" weeks="111111111111111"/>
    <class days="0010000" id="653" room="63" start="120" weeks="111111111111111"/>
    <class days="0010000" id="654" room="63" start="96" weeks="111111111111111"/>
    <class days="0001000" id="655" room="63" start="180" weeks="111111111111111"/>
    <class days="1000000" id="656" room="63" start="180" weeks="111111111111111"/>
    <class days="0000100" id="657" start="210" weeks="111111111111111"/>
    <class days="0001000" id="658" start="210" weeks="111111111111111"/>
    <class days="0010000" id="659" start="210" weeks="111111111111111"/>
    <class days="0100000" id="660" start="210" weeks="111111111111111"/>
    <class days="0001000" id="661" start="210" weeks="111111111111111"/>
    <class days="0010000" id="662" room="60" start="144" weeks="111111111111111"/>
    <class days="0001000" id="663" room="60" start="168" weeks="111111111111111"/>
    <class days="0010000" id="664" room="60" start="168" weeks="111111111111111"/>
    <class days="0000100" id="665" room="46" start="156" weeks="111111111111111"/>
    <class days="1000000" id="666" room="61" start="120" weeks="111111111111111"/>
    <class days="0000100" id="667" room="61" start="96" weeks="111111111111111"/>
    <class days="0100000" id="668" room="18" start="96" weeks="111111111111111"/>
    <class days="1000000" id="669" room="27" start="132" weeks="111111111111111"/>
    <class days="0000100" id="670" room="62" start="168" weeks="111111111111111"/>
    <class days="0100000" id="671" room="46" start="96" weeks="111111111111111"/>
    <class days="0001000" id="672" room="66" start="144" weeks="111111111111111"/>
    <class days="0100000" id="673" start="180" weeks="111111111111111"/>
    <class days="0001000" id="674" room="60" start="120" weeks="111111111111111"/>
    <class days="0100000" id="675" room="60" start="144" weeks="111111111111111"/>
    <class days="0001000" id="676" room="65" start="96" weeks="111111111111111"/>
    <class days="0000100" id="677" room="65" start="120" weeks="111111111111111"/>
    <class days="0001000" id="678" room="18" start="132" weeks="111111111111111"/>
    <class days="0010000" id="679" room="18" start="108" weeks="111111111111111"/>
    <class days="0100000" id="680" room="22" start="144" weeks="111111111111111"/>
    <class days="0000100" id="681" room="65" start="96" weeks="111111111111111"/>
    <class days="0000100" id="682" room="18" start="144" weeks="111111111111111"/>
    <class days="1000000" id="683" room="42" start="156" weeks="111111111111111"/>
    <class days="0010000" id="684" room="46" start="144" weeks="111111111111111"/>
    <class days="0000100" id="685" room="61" start="192" weeks="111111111111111"/>
    <class days="0010000" id="686" room="18" start="132" weeks="111111111111111"/>
    <class days="0001000" id="687" room="61" start="156" weeks="111111111111111"/>
    <class days="0100000" id="688" room="66" start="96" weeks="111111111111111"/>
    <class days="0000100" id="689" room="62" start="108" weeks="111111111111111"/>
    <class days="0001000" id="690" room="46" start="96" weeks="111111111111111"/>
    <class days="0100000" id="691" room="46" start="180" weeks="111111111111111"/>
    <class days="0100000" id="692" room="42" start="144" weeks="111111111111111"/>
    <class days="0001000" id="693" room="18" start="120" weeks="111111111111111"/>
    <class days="0001000" id="694" room="46" start="168" weeks="111111111111111"/>
    <class days="0100000" id="695" room="18" start="156" weeks="111111111111111"/>
    <class days="1000000" id="696" room="27" start="108" weeks="111111111111111"/>
    <class days="1000000" id="697" room="65" start="120" weeks="111111111111111"/>
    <class days="0100000" id="698" room="46" start="132" weeks="111111111111111"/>
    <class days="1000000" id="699" room="46" start="156" weeks="111111111111111"/>
    <class days="0100000" id="700" room="17" start="96" weeks="111111111111111"/>
    <class days="0010000" id="701" room="66" start="96" weeks="111111111111111"/>
    <class days="1000000" id="702" room="66" start="108" weeks="111111111111111"/>
    <class days="0000100" id="703" room="66" start="96" weeks="111111111111111"/>
    <class days="0010000" id="704" room="3" start="96" weeks="111111111111111"/>
    <class days="0001000" id="705" room="3" start="108" weeks="111111111111111"/>
    <class days="0010000" id="706" room="37" start="168" weeks="111111111111111"/>
    <class days="0010000" id="707" room="61" start="168" weeks="111111111111111"/>
    <class days="0000100" id="708" room="62" start="96" weeks="111111111111111"/>
    <class days="0000100" id="709" room="37" start="120" weeks="111111111111111"/>
    <class days="0010000" id="710" room="59" start="168" weeks="111111111111111"/>
    <class days="0001000" id="711" room="59" start="96" weeks="111111111111111"/>
    <class days="1000000" id="712" room="59" start="156" weeks="111111111111111"/>
    <class days="0001000" id="713" room="1" start="108" weeks="111111111111111"/>
    <class days="0000100" id="714" room="1" start="120" weeks="111111111111111"/>
    <class days="0000100" id="715" room="59" start="108" weeks="111111111111111"/>
    <class days="0001000" id="716" room="4" start="168" weeks="111111111111111"/>
    <class days="0100000" id="717" room="36" start="168" weeks="111111111111111"/>
    <class days="1000000" id="718" room="62" start="120" weeks="111111111111111"/>
    <class days="0000100" id="719" room="61" start="108" weeks="111111111111111"/>
    <class days="0000100" id="720" room="33" start="120" weeks="111111111111111"/>
    <class days="1000000" id="721" room="61" start="144" weeks="111111111111111"/>
    <class days="0010000" id="722" room="61" start="96" weeks="111111111111111"/>
    <class days="0010000" id="723" room="3" start="156" weeks="111111111111111"/>
    <class days="0001000" id="724" room="59" start="120" weeks="111111111111111"/>
    <class days="0000100" id="725" room="59" start="180" weeks="111111111111111"/>
    <class days="0010000" id="726" room="59" start="156" weeks="111111111111111"/>
    <class days="0100000" id="727" room="32" start="120" weeks="111111111111111"/>
    <class days="1000000" id="728" room="61" start="96" weeks="111111111111111"/>
    <class days="0100000" id="729" room="61" start="96" weeks="111111111111111"/>
    <class days="0000100" id="730" room="36" start="120" weeks="111111111111111"/>
    <class days="1000000" id="731" room="61" start="180" weeks="111111111111111"/>
    <class days="0100000" id="732" room="59" start="156" weeks="111111111111111"/>
    <class days="0000100" id="733" room="55" start="168" weeks="111111111111111"/>
    <class days="0010000" id="734" room="59" start="120" weeks="111111111111111"/>
    <class days="0010000" id="735" room="62" start="180" weeks="111111111111111"/>
    <class days="1000000" id="736" room="38" start="120" weeks="111111111111111"/>
    <class days="0000100" id="737" room="55" start="144" weeks="111111111111111"/>
    <class days="0000100" id="738" room="1" start="132" weeks="111111111111111"/>
    <class days="0100000" id="739" room="29" start="120" weeks="111111111111111"/>
    <class days="0010000" id="740" room="59" start="96" weeks="111111111111111"/>
    <class days="1000000" id="741" room="62" start="96" weeks="111111111111111"/>
    <class days="0100000" id="742" room="62" start="144" weeks="111111111111111"/>
    <class days="0000100" id="743" room="59" start="168" weeks="111111111111111"/>
    <class days="0010000" id="744" room="59" start="132" weeks="111111111111111"/>
    <class days="0010000" id="745" room="34" start="168" weeks="111111111111111"/>
    <class days="0000100" id="746" room="59" start="132" weeks="111111111111111"/>
    <class days="0000100" id="747" room="59" start="96" weeks="111111111111111"/>
    <class days="0001000" id="748" room="32" start="120" weeks="111111111111111"/>
    <class days="0100000" id="749" room="55" start="108" weeks="111111111111111"/>
    <class days="0100000" id="750" room="59" start="168" weeks="111111111111111"/>
    <class days="0001000" id="751" room="28" start="168" weeks="111111111111111"/>
    <class days="0000100" id="752" room="59" start="144" weeks="111111111111111"/>
    <class days="0000100" id="753" room="1" start="96" weeks="111111111111111"/>
    <class days="0000100" id="754" room="32" start="168" weeks="111111111111111"/>
    <class days="0010000" id="755" room="55" start="120" weeks="111111111111111"/>
    <class days="1000000" id="756" room="59" start="96" weeks="111111111111111"/>
    <class days="0000100" id="757" room="35" start="144" weeks="111111111111111"/>
    <class days="0100000" id="758" room="59" start="96" weeks="111111111111111"/>
    <class days="0010000" id="759" room="59" start="192" weeks="111111111111111"/>
    <class days="1000000" id="760" room="59" start="144" weeks="111111111111111"/>
    <class days="0010000" id="761" room="59" start="144" weeks="111111111111111"/>
    <class days="0010000" id="762" room="29" start="108" weeks="111111111111111"/>
    <class days="0100000" id="763" room="30" start="168" weeks="111111111111111"/>
    <class days="0001000" id="764" room="6" start="168" weeks="111111111111111"/>
    <class days="0010000" id="765" room="67" start="96" weeks="111111111111111"/>
    <class days="1000000" id="766" room="5" start="168" weeks="111111111111111"/>
    <class days="0000100" id="767" start="108" weeks="111111111111111"/>
    <class days="0000100" id="768" start="168" weeks="111111111111111"/>
    <class days="0100000" id="769" room="30" start="96" weeks="111111111111111"/>
    <class days="0100000" id="770" room="30" start="132" weeks="111111111111111"/>
    <class days="0001000" id="771" room="30" start="132" weeks="111111111111111"/>
    <class days="0001000" id="772" room="30" start="168" weeks="111111111111111"/>
    <class days="1000000" id="773" room="30" start="96" weeks="111111111111111"/>
    <class days="1000000" id="774" room="30" start="168" weeks="111111111111111"/>
    <class days="0010000" id="775" room="30" start="96" weeks="111111111111111"/>
    <class days="0010000" id="776" room="67" start="168" weeks="111111111111111"/>
    <class days="0001000" id="777" room="30" start="96" weeks="111111111111111"/>
    <class days="0001000" id="778" room="57" start="168" weeks="111111111111111"/>
    <class days="1000000" id="779" room="30" start="120" weeks="111111111111111"/>
    <class days="1000000" id="780" room="58" start="168" weeks="111111111111111"/>
    <class days="0000100" id="781" start="168" weeks="111111111111111"/>
    <class days="0000100" id="782" start="108" weeks="111111111111111"/>
</solution>
