fes;time;f
1;47;2147484254
2;47;2147484253
3;47;2147484252
6;63;2147484251
8;63;2147484250
13;63;2147484248
22;78;2147484247
36;78;2147484244
38;94;2147484242
39;94;2147484241
47;94;2147484239
58;110;2147484237
63;110;2147484235
70;110;2147484234
73;110;2147484233
75;110;2147484232
86;125;2147484230
88;125;2147484228
94;125;2147484224
96;125;2147484223
100;125;2147484222
103;125;2147484215
104;141;2147484214
106;141;2147484211
109;141;2147484209
116;141;2147484208
120;141;2147484206
123;141;2147484205
125;141;2147484203
133;156;2147484202
134;156;2147484201
137;156;2147484200
140;156;2147484199
149;156;2147484196
164;172;2147484194
165;172;2147484192
180;172;2147484191
183;172;2147484190
187;188;2147484187
200;188;2147484184
206;188;2147484182
215;203;2147484181
220;203;2147484180
223;203;2147484179
224;203;2147484177
227;203;2147484175
230;203;2147484174
237;203;2147484173
240;203;2147484172
247;219;2147484170
264;219;2147484169
273;235;2147484168
274;235;2147484167
281;235;2147484166
288;235;2147484165
291;235;2147484164
292;235;2147484160
293;235;2147484156
300;235;2147484154
301;235;2147484152
304;235;2147484150
305;235;2147484146
313;250;2147484145
314;250;2147484144
317;250;2147484142
324;250;2147484141
325;250;2147484140
328;250;2147484139
331;250;2147484137
337;250;2147484136
340;250;2147484134
343;250;2147484133
368;266;2147484131
373;266;2147484129
375;266;2147484128
376;266;2147484126
378;266;2147484124
380;281;2147484123
383;281;2147484121
400;281;2147484119
404;281;2147484118
420;297;2147484116
421;297;2147484114
432;297;2147484112
439;297;2147484111
441;297;2147484109
448;297;2147484107
449;297;2147484106
458;313;2147484103
461;313;2147484102
472;313;2147484100
476;313;2147484097
478;313;2147484096
489;313;2147484095
493;328;2147484094
497;328;2147484093
502;328;2147484092
514;328;2147484090
529;344;2147484088
539;344;2147484087
541;344;2147484081
542;344;2147484078
545;344;2147484075
546;344;2147484074
551;344;2147484072
552;344;2147484071
565;344;2147484069
584;359;2147484068
585;359;2147484067
602;375;2147484066
607;375;2147484065
616;375;2147484063
617;375;2147484062
618;375;2147484061
630;375;2147484058
636;391;2147484056
640;391;2147484055
641;391;2147484054
642;391;2147484053
644;391;2147484052
646;391;2147484051
653;391;2147484050
654;391;2147484049
658;391;2147484048
663;391;2147484047
665;391;2147484046
672;406;2147484044
673;406;2147484043
677;406;2147484042
682;406;2147484041
686;406;2147484040
687;406;2147484039
695;406;2147484037
711;422;2147484036
715;422;2147484035
717;422;2147484033
725;422;2147484032
727;422;2147484031
738;422;2147484030
753;438;2147484029
763;438;2147484028
764;438;2147484027
769;438;2147484026
792;453;2147484025
795;453;2147484024
802;453;2147484022
809;453;2147484020
827;469;2147484019
832;469;2147484018
845;469;2147484017
854;484;2147484016
857;484;2147484013
863;484;2147484012
868;484;2147484010
888;500;2147484008
891;500;2147484007
898;500;2147484006
902;500;2147484005
924;516;2147484003
925;516;2147484002
932;516;2147484001
937;516;2147484000
961;531;2147483999
964;531;2147483998
968;531;2147483997
970;531;2147483996
980;531;2147483995
988;531;2147483993
994;531;2147483992
998;547;2147483990
1003;547;2147483989
1024;547;2147483987
1033;547;2147483986
1037;563;2147483984
1053;563;2147483983
1062;563;2147483982
1063;563;2147483981
1073;578;2147483980
1083;578;2147483979
1085;578;2147483978
1102;578;2147483977
1107;578;2147483975
1120;594;2147483974
1129;594;2147483973
1135;594;2147483972
1136;594;2147483971
1137;594;2147483970
1152;609;2147483969
1156;609;2147483968
1176;609;2147483967
1184;625;2147483966
1192;625;2147483964
1204;625;2147483962
1249;641;2147483961
1254;656;2147483960
1258;656;2147483959
1268;656;2147483958
1272;656;2147483957
1343;687;2147483956
1344;687;2147483955
1356;687;2147483954
1360;687;2147483953
1382;703;2147483951
1443;734;2147483950
1454;734;2147483949
1457;734;2147483948
1474;750;2147483947
1478;750;2147483946
1484;750;2147483945
1499;766;2147483944
1500;766;2147483943
1512;766;2147483942
1527;766;2147483941
1542;781;2147483940
1548;781;2147483939
1564;781;2147483937
1615;812;2147483936
1618;812;2147483935
1622;812;2147483934
1626;812;2147483933
1632;812;2147483932
1658;828;2147483931
1665;828;2147483930
1687;844;2147483929
1688;844;2147483928
1715;859;2147483927
1760;875;2147483926
1765;875;2147483925
1775;875;2147483924
1789;875;2147483923
1820;891;2147483922
1821;891;2147483921
1857;906;2147483920
1866;922;2147483919
1875;922;2147483918
1893;922;2147483917
1894;922;2147483916
1899;937;2147483915
1908;937;2147483914
1921;937;2147483913
1944;953;2147483912
1955;953;2147483911
1956;953;2147483910
1974;969;2147483909
1982;969;2147483908
1988;969;2147483906
1990;969;2147483904
1996;969;2147483903
2057;1000;2147483902
2067;1000;2147483901
2074;1000;2147483899
2075;1000;2147483898
2082;1000;2147483897
2088;1016;2147483896
2091;1016;2147483895
2095;1016;2147483894
2109;1016;2147483893
2121;1016;2147483891
2141;1031;2147483890
2157;1031;2147483889
2160;1031;2147483888
2165;1047;2147483887
2175;1047;2147483885
2188;1047;2147483884
2203;1062;2147483883
2254;1078;2147483882
2268;1078;2147483881
2330;1109;2147483880
2335;1109;2147483879
2380;1141;2147483878
2389;1141;2147483877
2439;1156;2147483876
2440;1156;2147483875
2451;1172;2147483874
2453;1172;2147483873
2466;1172;2147483872
2468;1172;2147483871
2506;1187;2147483870
2535;1203;2147483868
2555;1203;2147483867
2571;1219;2147483866
2614;1234;2147483865
2646;1250;2147483864
2649;1250;2147483863
2662;1250;2147483862
2682;1266;2147483861
2702;1266;2147483860
2710;1266;2147483859
2725;1281;2147483858
2744;1281;2147483856
2746;1281;2147483855
2762;1297;2147483854
2772;1297;2147483853
2780;1297;2147483852
2800;1312;2147483851
2816;1312;2147483850
2864;1328;2147483849
2883;1344;2147483848
2884;1344;2147483847
2935;1359;2147483846
2941;1359;2147483844
2985;1390;2147483843
2991;1390;2147483842
3032;1406;2147483841
3063;1422;2147483840
3067;1422;2147483839
3068;1422;2147483838
3069;1422;2147483837
3093;1437;2147483836
3151;1453;2147483835
3179;1469;2147483834
3222;1484;2147483833
3247;1500;2147483832
3249;1500;2147483830
3251;1500;2147483829
3258;1500;2147483828
3317;1531;2147483827
3320;1531;2147483826
3323;1531;2147483825
3351;1531;2147483824
3382;1547;2147483823
3432;1578;2147483822
3486;1594;2147483820
3521;1609;2147483819
3564;1625;2147483817
3573;1625;2147483816
3612;1640;2147483815
3773;1719;2147483814
3855;1750;2147483813
3977;1797;2147483812
4025;1812;2147483811
4067;1844;2147483809
4107;1859;2147483808
4136;1859;2147483807
4138;1859;2147483806
4167;1875;2147483805
4203;1890;2147483804
4216;1890;2147483803
4242;1906;2147483801
4299;1937;2147483800
4304;1937;2147483799
4305;1937;2147483798
4350;1953;2147483797
4387;1968;2147483796
4390;1968;2147483795
4540;2031;2147483794
4586;2047;2147483793
4594;2047;2147483792
4654;2078;2147483791
4721;2109;2147483790
4742;2109;2147483789
4775;2125;2147483788
4893;2172;2147483787
4921;2187;2147483786
4945;2203;2147483785
4989;2218;2147483784
5370;2359;2147483783
5399;2375;2147483782
5468;2406;2147483781
5528;2421;2147483780
5704;2503;2147483779
5720;2503;2147483777
5760;2518;2147483776
5863;2565;2147483775
5872;2565;2147483774
5882;2565;2147483773
5926;2596;2147483772
5969;2612;2147483771
5980;2612;2147483770
6972;3018;2147483769
7124;3081;2147483768
7162;3096;2147483767
7285;3143;2147483766
7308;3159;2147483765
7339;3159;2147483764
7395;3190;2147483763
7415;3190;2147483762
7419;3190;2147483761
7581;3268;2147483760
7648;3284;2147483759
7683;3299;2147483758
7763;3331;2147483757
7845;3362;2147483756
7944;3409;2147483755
8126;3471;2147483754
8312;3549;2147483753
8316;3565;2147483752
8389;3581;2147483751
8443;3612;2147483750
8518;3643;2147483749
8590;3659;2147483748
8696;3706;2147483746
8710;3706;2147483745
8761;3737;2147483744
8799;3752;2147483742
8811;3752;2147483741
9081;3862;2147483740
9097;3862;2147483739
9559;4049;2147483738
9602;4065;2147483737
9612;4065;2147483736
9707;4096;2147483735
10061;4252;2147483734
10160;4284;2147483733
10409;4377;2147483732
10429;4393;2147483731
10721;4502;2147483730
11187;4678;2147483729
11345;4741;2147483728
11490;4803;2147483727
11525;4819;2147483726
11601;4850;2147483725
12056;5022;2147483724
12680;5272;2147483723
13167;5459;2147483722
13492;5584;2147483721
13614;5631;2147483720
13653;5647;2147483719
13671;5662;2147483718
13996;5787;2147483717
14445;5959;2147483716
15237;6272;2147483715
15401;6334;2147483714
15465;6365;2147483713
15596;6412;2147483712
16502;6771;2147483711
16696;6865;2147483710
16740;6881;2147483709
16815;6912;2147483708
17921;7334;2147483707
17943;7349;2147483706
18831;7696;2147483705
18875;7711;2147483704
18986;7758;2147483703
19180;7836;2147483702
19582;7992;2147483701
20774;8461;2147483700
20798;8461;2147483699
21094;8586;2147483698
21320;8680;2147483697
21435;8727;2147483696
22226;9039;2147483695
22239;9055;2147483694
22406;9117;2147483693
22998;9351;2147483692
23500;9539;2147483691
24915;10101;2147483690
25967;10507;2147483689
26214;10601;2147483688
26242;10617;2147483687
27083;10945;2147483686
28846;11648;2147483685
29102;11741;2147483684
29801;12031;2147483683
30623;12344;2147483682
30756;12391;2147483681
30853;12438;2147483680
31020;12503;2147483679
31105;12534;2147483678
31373;12644;2147483677
33470;13456;2147483676
33697;13550;2147483675
39723;15878;2147483674
41562;16596;2147483673
41835;16706;2147483672
42019;16784;2147483671
42922;17127;2147483670
43805;17474;2147483669
60977;24179;2147483668
66541;26366;2147483667
72575;28743;2147483666
75295;29805;2147483665
75344;29821;2147483664
75948;30055;2147483663
76495;30274;2147483662
108822;42855;2147483661
111176;43777;2147483660
164987;65001;2147483659
171024;67392;2147483658
171157;67454;2147483657
171563;67612;2147483656
173024;68206;2147483655
179065;70596;2147483654
408235;160285;2147483653
408501;160394;2147483652
854065;334378;2147483651
944536;370019;2147483650
7161929;2835784;2147483649
9816841;3940279;95715
9816868;3940292;95711
9816894;3940304;95675
9816914;3940314;95671
9816917;3940315;95627
9816942;3940326;95617
9816959;3940334;95613
9817104;3940400;95609
9817166;3940427;95605
9817337;3940502;95601
9817393;3940529;95591
9817459;3940559;95551
9817506;3940580;95548
9817621;3940631;95508
9817653;3940645;95504
9817793;3940706;95500
9817888;3940745;95340
9817907;3940753;95336
9817963;3940778;95332
9818029;3940805;95328
9818035;3940808;95324
9818141;3940853;95285
9818161;3940862;95281
9818244;3940898;95278
9818289;3940918;95274
9818320;3940931;95270
9818332;3940936;95230
9818352;3940945;95214
9818489;3941004;95210
9818519;3941018;95206
9818523;3941019;95202
9818620;3941064;95198
9818636;3941071;95194
9818714;3941104;95190
9818783;3941132;95154
9818816;3941146;95111
9818930;3941194;94983
9819154;3941289;94947
9819185;3941302;94943
9819199;3941308;94913
9819208;3941312;94909
9819217;3941316;94905
9819274;3941340;94741
9819325;3941361;94737
9819355;3941374;94733
9819357;3941375;94729
9819360;3941376;94573
9819462;3941420;94569
9819512;3941441;94565
9819534;3941450;94561
9819542;3941454;94557
9819688;3941519;94397
9819722;3941534;94361
9819742;3941542;94357
9819760;3941550;94193
9819800;3941568;94189
9819875;3941601;94185
9820080;3941689;94181
9820172;3941728;94142
9820290;3941780;94138
9820297;3941783;94102
9820385;3941819;94098
9820405;3941828;94094
9820449;3941846;94050
9820476;3941857;94007
9820572;3941897;94003
9820615;3941915;93999
9820682;3941943;93995
9820788;3941988;93991
9821046;3942097;93987
9821098;3942119;93983
9821196;3942162;93944
9821219;3942172;93788
9821243;3942182;93784
9821280;3942198;93783
9821313;3942211;93779
9821354;3942228;93775
9821421;3942255;93765
9821462;3942273;93725
9821513;3942295;93721
9821517;3942296;93717
9821607;3942335;93713
9821623;3942341;93709
9821679;3942365;93673
9821685;3942367;93634
9821714;3942380;93594
9821731;3942387;93590
9821791;3942413;93551
9821880;3942450;93550
9822012;3942508;93390
9822026;3942515;93389
9822193;3942588;93349
9822455;3942697;93309
9822463;3942701;93305
9822650;3942783;93302
9822730;3942817;93298
9822747;3942824;93192
9822779;3942837;93191
9822938;3942906;93187
9822939;3942906;93183
9822955;3942913;93179
9823224;3943027;93175
9823238;3943033;93171
9823326;3943070;93131
9823366;3943087;93128
9823503;3943144;93124
9823590;3943181;93120
9823615;3943191;93076
9823743;3943245;93073
9823768;3943255;92913
9823923;3943322;92873
9823963;3943339;92869
9824052;3943376;92865
9824130;3943409;92861
9824200;3943439;92857
9824212;3943444;92853
9824233;3943452;92813
9824251;3943460;92809
9824271;3943468;92793
9824435;3943541;92757
9824556;3943593;92753
9824578;3943603;92597
9824596;3943610;92593
9824604;3943614;92589
9824775;3943687;92585
9824784;3943691;92581
9824815;3943705;92577
9825155;3943848;92538
9825211;3943872;92518
9825212;3943873;92479
9825379;3943945;92475
9825605;3944043;92471
9825666;3944069;92432
9825787;3944122;92428
9825904;3944172;92424
9825912;3944176;92420
9825920;3944179;92416
9825930;3944183;92412
9826083;3944248;92409
9826467;3944412;92406
9826474;3944415;92402
9826481;3944418;92242
9826583;3944462;92082
9826643;3944487;92042
9826663;3944495;92038
9826683;3944504;91878
9826692;3944509;91874
9826726;3944524;91870
9826814;3944563;91866
9826820;3944565;91706
9826875;3944589;91546
9827102;3944685;91542
9827265;3944755;91538
9827339;3944789;91537
9827410;3944820;91534
9827702;3944948;91530
9827724;3944957;91526
9827961;3945058;91522
9827985;3945068;91518
9828092;3945113;91514
9828175;3945150;91475
9828301;3945203;91471
9828322;3945211;91470
9828355;3945224;91430
9828421;3945250;91426
9828526;3945293;91423
9828903;3945446;91387
9829044;3945513;91351
9829046;3945514;91341
9829136;3945553;91337
9829168;3945566;91177
9829214;3945586;91173
9829234;3945595;91169
9829252;3945602;91163
9829315;3945628;91159
9829392;3945661;91152
9829396;3945663;90992
9829467;3945694;90832
9829562;3945735;90792
9829636;3945766;90632
9829656;3945774;90589
9829732;3945807;90585
9830062;3945950;90542
9830066;3945952;90498
9830157;3945991;90338
9830591;3946174;90299
9830701;3946220;90255
9830751;3946242;90251
9830774;3946253;90250
9830784;3946257;90246
9830938;3946325;90090
9831110;3946396;90050
9831118;3946400;90046
9831209;3946438;90042
9831371;3946513;89882
9831418;3946533;89878
9831956;3946765;89841
9832150;3946847;89801
9832312;3946915;89800
9832413;3946958;89796
9832625;3947051;89792
9832738;3947099;89788
9832928;3947179;89784
9833105;3947253;89780
9833324;3947345;89770
9833397;3947376;89766
9833476;3947411;89763
9833686;3947502;89607
9833919;3947605;89603
9833925;3947608;89443
9833983;3947632;89400
9834011;3947644;89396
9834034;3947654;89357
9834047;3947660;89353
9834056;3947663;89193
9834215;3947734;89033
9834280;3947761;89029
9834518;3947865;88901
9834795;3947982;88737
9834893;3948024;88698
9835455;3948269;88697
9835877;3948447;88694
9835942;3948476;88534
9836289;3948626;88495
9836383;3948667;88491
9836792;3948841;88455
9836968;3948916;88451
9837217;3949021;88447
9837311;3949061;88443
9837438;3949116;88297
9837554;3949165;88137
9837580;3949176;88098
9838056;3949375;88097
9838123;3949402;88093
9838182;3949426;88089
9838194;3949431;87933
9838288;3949469;87929
9838368;3949502;87925
9838840;3949712;87765
9838853;3949717;87721
9838862;3949721;87717
9838990;3949775;87611
9839046;3949799;87607
9839194;3949863;87567
9839453;3949974;87563
9839507;3949998;87527
9839605;3950039;87367
9839827;3950135;87363
9840001;3950209;87203
9840178;3950285;87043
9840416;3950387;87000
9840997;3950644;86999
9841254;3950756;86839
9841330;3950790;86838
9841672;3950937;86802
9842207;3951165;86642
9842409;3951253;86602
9842875;3951444;86592
9843041;3951519;86588
9843183;3951582;86432
9843319;3951641;86428
9844350;3952084;86424
9844934;3952335;86268
9845294;3952493;86108
9845356;3952524;85948
9845383;3952535;85788
9845733;3952687;85776
9846145;3952864;85620
9846589;3953052;85616
9846995;3953222;85456
9847221;3953319;85452
9847358;3953377;85416
9847418;3953403;85376
9848077;3953689;85216
9848099;3953700;85212
9848343;3953805;85208
9848537;3953887;85204
9848860;3954025;85200
9849354;3954231;85051
9849367;3954236;84895
9849393;3954246;84894
9849782;3954414;84864
9850005;3954510;84860
9850048;3954530;84850
9850195;3954594;84847
9850671;3954800;84843
9850754;3954836;84683
9851226;3955033;84643
9851760;3955263;84639
9852024;3955374;84635
9852095;3955404;84596
9852122;3955415;84592
9852227;3955463;84588
9852341;3955516;84432
9852619;3955636;84272
9853046;3955824;84268
9853612;3956067;84108
9853960;3956215;84072
9854451;3956423;84068
9854647;3956507;83912
9854659;3956513;83902
9855230;3956762;83742
9855937;3957065;83702
9856315;3957225;83666
9856674;3957380;83510
9857026;3957537;83474
9857572;3957772;83314
9858317;3958091;83268
9858673;3958244;83264
9858908;3958344;83260
9859060;3958408;83256
9859801;3958733;83216
9859837;3958749;83176
9860003;3958823;83166
9860656;3959102;83006
9860912;3959211;82850
9862110;3959727;82846
9862564;3959922;82700
9862734;3959994;82661
9862975;3960097;82657
9863542;3960339;82497
9863682;3960398;82467
9863933;3960512;82464
9863999;3960541;82304
9864565;3960785;82300
9864772;3960875;82296
9865003;3960974;82136
9865213;3961064;81976
9866189;3961484;81966
9866214;3961494;81962
9866575;3961655;81958
9867420;3962027;81798
9867851;3962209;81642
9867876;3962219;81641
9868007;3962275;81637
9868040;3962289;81477
9868706;3962580;81474
9869493;3962919;81434
9870196;3963220;81430
9870241;3963239;81426
9871000;3963567;81266
9871231;3963665;81262
9871477;3963771;81258
9871539;3963797;81254
9873164;3964490;81244
9873502;3964637;81240
9873839;3964781;81080
9873951;3964829;81076
9875379;3965437;80916
9875896;3965667;80912
9876830;3966069;80872
9876900;3966098;80716
9877185;3966220;80712
9877733;3966453;80711
9878699;3966872;80707
9879159;3967064;80667
9879274;3967114;80507
9879716;3967306;80347
9879980;3967414;80343
9880618;3967692;80307
9882813;3968644;80151
9882941;3968701;79995
9883310;3968863;79959
9884043;3969179;79799
9884211;3969251;79759
9885352;3969751;79755
9885589;3969853;79751
9886328;3970174;79711
9886394;3970202;79551
9888584;3971148;79547
9889678;3971624;79544
9891881;3972575;79543
9893464;3973258;79383
9894444;3973686;79379
9895685;3974220;79375
9896332;3974508;79215
9897059;3974826;79059
9898119;3975286;79055
9899203;3975751;78927
9899827;3976017;78771
9900200;3976178;78611
9902551;3977194;78574
9903740;3977711;78530
9905162;3978323;78374
9905487;3978461;78334
9906168;3978760;78178
9907342;3979261;78022
9907782;3979449;77862
9908747;3979873;77823
9909368;3980140;77819
9910116;3980462;77783
9910497;3980629;77779
9910961;3980827;77619
9911027;3980856;77589
9911232;3980942;77585
9912004;3981277;77545
9912483;3981485;77385
9913619;3981984;77346
9915442;3982774;77186
9915824;3982940;77150
9916329;3983160;77146
9917957;3983869;77143
9918722;3984199;77103
9919831;3984675;77099
9919942;3984723;77063
9920839;3985109;77059
9921170;3985245;77047
9923490;3986241;77041
9928135;3988231;76885
9929395;3988782;76881
9930252;3989150;76721
9931733;3989781;76561
9932467;3990095;76557
9932580;3990146;76401
9933331;3990471;76245
9934286;3990887;76209
9935654;3991469;76049
9941844;3994145;75889
9942286;3994335;75885
9944140;3995127;75845
9944173;3995142;75809
9944895;3995454;75653
9945170;3995579;75493
9945882;3995886;75489
9946547;3996169;75485
9947289;3996485;75329
9949005;3997236;75173
9949875;3997611;75013
9954044;3999426;74983
9959000;4001550;74827
9967383;4005146;74667
9968781;4005754;74627
9969204;4005936;74467
9969307;4005980;74463
9969805;4006194;74459
9969945;4006254;74299
9973045;4007604;74263
9974073;4008049;74103
9974333;4008162;73947
9978635;4010024;73906
9978964;4010164;73746
9981126;4011100;73710
9983886;4012299;73550
9985578;4013038;73390
9986233;4013318;73230
9986515;4013439;73070
9986727;4013535;72910
9989339;4014657;72906
9993504;4016441;72746
9993899;4016621;72590
9999527;4019042;72554
9999647;4019093;72518
10001539;4019914;72358
10001728;4019996;72198
10003819;4020911;72162
10004209;4021081;72118
10004590;4021245;71958
10005429;4021606;71922
10007776;4022620;71882
10008122;4022772;71726
10012366;4024607;71566
10014670;4025610;71523
10015242;4025856;71363
10016052;4026204;71323
10017720;4026911;71163
10019096;4027489;71003
10019773;4027787;70967
10020766;4028213;70807
10025012;4030064;70647
10026370;4030655;70643
10027949;4031333;70483
10028782;4031694;70323
10030251;4032323;70163
10032724;4033383;70003
10033990;4033940;69993
10034597;4034201;69833
10044333;4038397;69673
10047609;4039816;69513
10049308;4040541;69474
10051344;4041412;69470
10051616;4041526;69314
10051787;4041600;69154
10052293;4041811;69150
10054780;4042837;68990
10055690;4043223;68989
10059582;4044860;68953
10060123;4045096;68914
10060545;4045269;68910
10062774;4046213;68866
10063541;4046534;68710
10063630;4046574;68550
10068561;4048669;68549
10077223;4052360;68389
10081798;4054304;68385
10085199;4055786;68225
10085561;4055936;68181
10088852;4057318;68177
10089520;4057599;68137
10090596;4058067;68133
10091794;4058576;68129
10092536;4058892;68089
10100377;4062242;67929
10103830;4063717;67773
10107673;4065342;67617
10108776;4065811;67587
10109518;4066117;67427
10110589;4066569;67421
10111569;4066993;67417
10112150;4067246;67257
10112572;4067426;67253
10112928;4067584;67093
10117599;4069551;67053
10130260;4074945;67043
10138836;4078590;66883
10140724;4079391;66723
10143214;4080436;66563
10147116;4082123;66403
10150695;4083648;66247
10150966;4083759;66087
10155228;4085562;66044
10162146;4088497;65884
10164285;4089407;65728
10166533;4090363;65568
10168872;4091383;65558
10172455;4092943;65554
10172798;4093091;65394
10180230;4096307;65234
10182953;4097511;65074
10183125;4097597;64914
10184684;4098266;64754
10190053;4100603;64750
10196483;4103377;64746
10196827;4103528;64705
10200888;4105276;64549
10227316;4116731;64389
10232802;4119117;64229
10252595;4127762;64189
10255165;4128865;64029
10270074;4135345;63869
10274220;4137145;63865
10280854;4140029;63829
10301335;4148927;63793
10302821;4149570;63633
10303761;4149974;63473
10311989;4153571;63313
10321894;4157879;63276
10325639;4159493;63116
10327960;4160505;63076
10333347;4162849;62916
10333963;4163113;62756
10354077;4171887;62600
10354198;4171939;62596
10355393;4172458;62436
10362225;4175398;62276
10363372;4175906;62120
10366110;4177089;61960
10366242;4177148;61804
10366432;4177228;61644
10367212;4177566;61608
10369999;4178780;61448
10392947;4188773;61288
10400727;4192143;61128
10412560;4197279;60968
10422683;4201661;60932
10434063;4206612;60772
10436274;4207566;60616
10441955;4210044;60580
10447985;4212648;60540
10448259;4212768;60500
10449516;4213310;60340
10459196;4217516;60300
10461383;4218460;60140
10466503;4220688;60139
10474926;4224354;59983
10477411;4225437;59823
10487401;4229788;59819
10492509;4232024;59659
10506310;4238019;59499
10527927;4247459;59495
10542975;4253974;59335
10569602;4265571;59175
10583007;4271378;59015
10596911;4277448;58979
10601423;4279413;58978
10616098;4285782;58818
10626575;4290323;58658
10648917;4299994;58498
10687372;4316423;58462
10691440;4318166;58459
10695758;4320004;58299
10703038;4323089;58260
10715362;4328323;58100
10721607;4331023;57940
10757110;4346405;57780
10765677;4350106;57620
10770621;4352255;57460
10773457;4353485;57454
10777108;4355079;57418
10798423;4364251;57258
10837430;4380841;57102
10889495;4403411;56942
10952427;4430333;56939
11102526;4495360;56779
11106988;4497307;56619
11119002;4502521;56615
11130453;4507524;56455
11159996;4520378;56415
11171082;4525207;56255
11180927;4529495;56095
11181967;4529950;56051
23152050;9433312;55992
23153503;9433890;55988
23158700;9435999;55828
23163378;9437882;55798
23172681;9441643;55794
23175274;9442690;55634
23178515;9444017;55474
23212996;9457980;55314
23250688;9473180;55154
23254374;9474664;54994
23260230;9477025;54834
23267655;9480009;54674
23269847;9480899;54514
23272534;9481995;54354
23286584;9487655;54194
23306729;9495797;54034
23315165;9499197;53874
23315481;9499322;53714
23316482;9499728;53554
23316541;9499743;53394
23334858;9507108;53234
23335190;9507249;53231
23355936;9515628;53071
23411256;9537946;52911
23419481;9541258;52755
23464608;9559530;52595
23467252;9560577;52435
23473863;9563236;52275
23482609;9566785;52115
23492307;9570706;51955
23523189;9583253;51951
23569802;9602119;51791
23606696;9617001;51631
23619142;9621971;51591
23623697;9623799;51587
23737341;9670014;51581
23816904;9702249;51577
23827653;9706560;51417
23850415;9715734;51257
23865268;9721751;51097
23874805;9725563;50937
24008752;9779540;50777
24041860;9792903;50741
24108348;9819824;50737
24463240;9963203;50577
#
# name: Hill Climbing SoftRS
# algorithm_class: solver.HillClimbingWithRS_2
# instance: nbi-spr18
# seed: 8219518454601194742
# bestF: 50577
# DTF: 0
# cost: 50577
# startTime: 1768445288537
# totalTime: 14400013
# totalFEs: 35801249
# maxFEs: 9223372036854775807
# maxMilliSeconds: 14400000
# maxSeconds: 14400
#
<?xml version="1.0" encoding="UTF-8" standalone="no"?>
<solution author="ScholORs" cores="1" country="China and Malaysia" institution="Bejing/Hefei/Malaysia" name="nbi-spr18" runtime="14400" technique="hillclimbingwithrs_2">
    <class days="0100000" id="1" room="57" start="168" weeks="111111111111111"/>
    <class days="0100000" id="2" room="60" start="180" weeks="111111111111111"/>
    <class days="1000000" id="3" room="60" start="192" weeks="111111111111111"/>
    <class days="0000100" id="4" room="60" start="180" weeks="111111111111111"/>
    <class days="0001000" id="5" room="60" start="192" weeks="111111111111111"/>
    <class days="0000100" id="6" room="62" start="108" weeks="111111111111111"/>
    <class days="0001000" id="7" room="62" start="96" weeks="111111111111111"/>
    <class days="0100000" id="8" start="132" weeks="111111111111111"/>
    <class days="1000000" id="9" room="62" start="96" weeks="111111111111111"/>
    <class days="0000100" id="10" room="18" start="132" weeks="111111111111111"/>
    <class days="0100000" id="11" room="18" start="180" weeks="111111111111111"/>
    <class days="1000000" id="12" room="42" start="156" weeks="111111111111111"/>
    <class days="0000100" id="13" room="18" start="96" weeks="111111111111111"/>
    <class days="0100000" id="14" room="27" start="156" weeks="111111111111111"/>
    <class days="0001000" id="15" room="46" start="132" weeks="111111111111111"/>
    <class days="0000100" id="16" room="62" start="168" weeks="111111111111111"/>
    <class days="0000100" id="17" room="27" start="108" weeks="111111111111111"/>
    <class days="1000000" id="18" room="61" start="144" weeks="111111111111111"/>
    <class days="1000000" id="19" room="42" start="168" weeks="111111111111111"/>
    <class days="0100000" id="20" room="27" start="120" weeks="111111111111111"/>
    <class days="0000100" id="21" room="18" start="168" weeks="111111111111111"/>
    <class days="1000000" id="22" room="17" start="210" weeks="111111111111111"/>
    <class days="0100000" id="23" room="26" start="210" weeks="111111111111111"/>
    <class days="0000100" id="24" room="17" start="210" weeks="111111111111111"/>
    <class days="0001000" id="25" room="17" start="210" weeks="111111111111111"/>
    <class days="0010000" id="26" room="17" start="210" weeks="111111111111111"/>
    <class days="0000100" id="27" room="42" start="210" weeks="111111111111111"/>
    <class days="0001000" id="28" room="42" start="210" weeks="111111111111111"/>
    <class days="1000000" id="29" room="42" start="210" weeks="111111111111111"/>
    <class days="0100000" id="30" room="42" start="210" weeks="111111111111111"/>
    <class days="0010000" id="31" room="42" start="210" weeks="111111111111111"/>
    <class days="1000000" id="32" room="67" start="144" weeks="111111111111111"/>
    <class days="1000000" id="33" room="38" start="156" weeks="111111111111111"/>
    <class days="1000000" id="34" room="34" start="96" weeks="111111111111111"/>
    <class days="0001000" id="35" room="59" start="132" weeks="111111111111111"/>
    <class days="1000000" id="36" room="55" start="120" weeks="111111111111111"/>
    <class days="0010000" id="37" room="55" start="120" weeks="111111111111111"/>
    <class days="0100000" id="38" room="58" start="168" weeks="111111111111111"/>
    <class days="0100000" id="39" room="2" start="156" weeks="111111111111111"/>
    <class days="0100000" id="40" room="59" start="96" weeks="111111111111111"/>
    <class days="0100000" id="41" room="62" start="132" weeks="111111111111111"/>
    <class days="0001000" id="42" room="61" start="96" weeks="111111111111111"/>
    <class days="1000000" id="43" room="36" start="120" weeks="111111111111111"/>
    <class days="1000000" id="44" room="62" start="108" weeks="111111111111111"/>
    <class days="0010000" id="45" room="62" start="120" weeks="111111111111111"/>
    <class days="1000000" id="46" room="37" start="168" weeks="111111111111111"/>
    <class days="1000000" id="47" room="61" start="132" weeks="111111111111111"/>
    <class days="0001000" id="48" room="33" start="96" weeks="111111111111111"/>
    <class days="0001000" id="49" room="37" start="120" weeks="111111111111111"/>
    <class days="0001000" id="50" room="47" start="210" weeks="111111111111111"/>
    <class days="0010000" id="51" room="47" start="210" weeks="111111111111111"/>
    <class days="0100000" id="52" room="47" start="210" weeks="111111111111111"/>
    <class days="1000000" id="53" room="47" start="210" weeks="111111111111111"/>
    <class days="0010000" id="54" start="210" weeks="111111111111111"/>
    <class days="0000100" id="55" room="61" start="144" weeks="111111111111111"/>
    <class days="0010000" id="56" room="37" start="168" weeks="111111111111111"/>
    <class days="0100000" id="57" room="62" start="120" weeks="111111111111111"/>
    <class days="0100000" id="58" room="59" start="168" weeks="111111111111111"/>
    <class days="0001000" id="59" room="36" start="120" weeks="111111111111111"/>
    <class days="0000100" id="60" room="61" start="120" weeks="111111111111111"/>
    <class days="0010000" id="61" room="3" start="96" weeks="111111111111111"/>
    <class days="0100000" id="62" room="61" start="108" weeks="111111111111111"/>
    <class days="0010000" id="63" room="61" start="108" weeks="111111111111111"/>
    <class days="0001000" id="64" room="33" start="168" weeks="111111111111111"/>
    <class days="0001000" id="65" room="3" start="132" weeks="111111111111111"/>
    <class days="0000100" id="66" room="37" start="144" weeks="111111111111111"/>
    <class days="0100000" id="67" room="55" start="108" weeks="111111111111111"/>
    <class days="0010000" id="68" room="55" start="144" weeks="111111111111111"/>
    <class days="1000000" id="69" room="35" start="156" weeks="111111111111111"/>
    <class days="1000000" id="70" room="59" start="96" weeks="111111111111111"/>
    <class days="0001000" id="71" room="59" start="180" weeks="111111111111111"/>
    <class days="0100000" id="72" room="35" start="168" weeks="111111111111111"/>
    <class days="0010000" id="73" room="59" start="120" weeks="111111111111111"/>
    <class days="0010000" id="74" room="61" start="96" weeks="111111111111111"/>
    <class days="0010000" id="75" room="32" start="168" weeks="111111111111111"/>
    <class days="0100000" id="76" room="59" start="156" weeks="111111111111111"/>
    <class days="0001000" id="77" room="61" start="108" weeks="111111111111111"/>
    <class days="0001000" id="78" room="37" start="168" weeks="111111111111111"/>
    <class days="0100000" id="79" room="29" start="96" weeks="111111111111111"/>
    <class days="0100000" id="80" room="37" start="120" weeks="111111111111111"/>
    <class days="1000000" id="81" room="56" start="120" weeks="111111111111111"/>
    <class days="1000000" id="82" room="28" start="168" weeks="111111111111111"/>
    <class days="1000000" id="83" room="1" start="108" weeks="111111111111111"/>
    <class days="0100000" id="84" room="1" start="108" weeks="111111111111111"/>
    <class days="0000100" id="85" room="55" start="120" weeks="111111111111111"/>
    <class days="0100000" id="86" room="62" start="168" weeks="111111111111111"/>
    <class days="0001000" id="87" room="62" start="108" weeks="111111111111111"/>
    <class days="0100000" id="88" room="58" start="120" weeks="111111111111111"/>
    <class days="0000100" id="89" room="1" start="120" weeks="111111111111111"/>
    <class days="0100000" id="90" room="1" start="144" weeks="111111111111111"/>
    <class days="0010000" id="91" room="58" start="168" weeks="111111111111111"/>
    <class days="1000000" id="92" room="67" start="96" weeks="111111111111111"/>
    <class days="1000000" id="93" room="29" start="144" weeks="111111111111111"/>
    <class days="0001000" id="94" room="67" start="156" weeks="111111111111111"/>
    <class days="0001000" id="95" room="34" start="120" weeks="111111111111111"/>
    <class days="1000000" id="96" room="30" start="144" weeks="111111111111111"/>
    <class days="0001000" id="97" room="5" start="168" weeks="111111111111111"/>
    <class days="0000100" id="98" room="67" start="156" weeks="111111111111111"/>
    <class days="0010000" id="99" room="30" start="168" weeks="111111111111111"/>
    <class days="0100000" id="100" room="67" start="168" weeks="111111111111111"/>
    <class days="0001000" id="101" room="38" start="168" weeks="111111111111111"/>
    <class days="0000100" id="102" start="108" weeks="111111111111111"/>
    <class days="0000100" id="103" start="168" weeks="111111111111111"/>
    <class days="0001000" id="104" room="67" start="96" weeks="111111111111111"/>
    <class days="0001000" id="105" room="57" start="120" weeks="111111111111111"/>
    <class days="0010000" id="106" room="67" start="120" weeks="111111111111111"/>
    <class days="0010000" id="107" room="38" start="168" weeks="111111111111111"/>
    <class days="1000000" id="108" room="67" start="120" weeks="111111111111111"/>
    <class days="1000000" id="109" room="16" start="168" weeks="111111111111111"/>
    <class days="0000100" id="110" room="30" start="108" weeks="111111111111111"/>
    <class days="0000100" id="111" room="30" start="168" weeks="111111111111111"/>
    <class days="0001000" id="112" room="9" start="108" weeks="111111111111111"/>
    <class days="1000000" id="113" room="9" start="192" weeks="111111111111111"/>
    <class days="0100000" id="114" room="27" start="168" weeks="111111111111111"/>
    <class days="0001000" id="115" room="11" start="120" weeks="111111111111111"/>
    <class days="0000100" id="116" room="61" start="84" weeks="111111111111111"/>
    <class days="0001000" id="117" room="15" start="96" weeks="111111111111111"/>
    <class days="0100000" id="118" room="27" start="180" weeks="111111111111111"/>
    <class days="0100000" id="119" room="27" start="96" weeks="111111111111111"/>
    <class days="0100000" id="120" room="61" start="168" weeks="111111111111111"/>
    <class days="1000000" id="121" room="62" start="156" weeks="111111111111111"/>
    <class days="0100000" id="122" room="9" start="96" weeks="111111111111111"/>
    <class days="1000000" id="123" room="11" start="168" weeks="111111111111111"/>
    <class days="0001000" id="124" room="11" start="168" weeks="111111111111111"/>
    <class days="0000100" id="125" room="15" start="132" weeks="111111111111111"/>
    <class days="0010000" id="126" room="15" start="120" weeks="111111111111111"/>
    <class days="0000100" id="127" room="9" start="168" weeks="111111111111111"/>
    <class days="0010000" id="128" room="9" start="192" weeks="111111111111111"/>
    <class days="0010000" id="129" room="9" start="168" weeks="111111111111111"/>
    <class days="0100000" id="130" room="15" start="120" weeks="111111111111111"/>
    <class days="0010000" id="131" room="64" start="96" weeks="111111111111111"/>
    <class days="0100000" id="132" room="64" start="144" weeks="111111111111111"/>
    <class days="0010000" id="133" room="64" start="180" weeks="111111111111111"/>
    <class days="0001000" id="134" room="64" start="132" weeks="111111111111111"/>
    <class days="0000100" id="135" room="64" start="120" weeks="111111111111111"/>
    <class days="0010000" id="136" room="64" start="120" weeks="111111111111111"/>
    <class days="0100000" id="137" room="64" start="120" weeks="111111111111111"/>
    <class days="0001000" id="138" room="64" start="144" weeks="111111111111111"/>
    <class days="0001000" id="139" room="64" start="156" weeks="111111111111111"/>
    <class days="0000100" id="140" room="64" start="144" weeks="111111111111111"/>
    <class days="0100000" id="141" room="49" start="210" weeks="111111111111111"/>
    <class days="0010000" id="142" room="49" start="210" weeks="111111111111111"/>
    <class days="0000100" id="143" room="49" start="210" weeks="111111111111111"/>
    <class days="1000000" id="144" room="49" start="210" weeks="111111111111111"/>
    <class days="0100000" id="145" room="53" start="210" weeks="111111111111111"/>
    <class days="1000000" id="146" room="53" start="210" weeks="111111111111111"/>
    <class days="0000100" id="147" room="53" start="210" weeks="111111111111111"/>
    <class days="0001000" id="148" room="53" start="210" weeks="111111111111111"/>
    <class days="1000000" id="149" room="9" start="156" weeks="111111111111111"/>
    <class days="0100000" id="150" room="9" start="120" weeks="111111111111111"/>
    <class days="0000100" id="151" room="64" start="96" weeks="111111111111111"/>
    <class days="0010000" id="152" room="64" start="132" weeks="111111111111111"/>
    <class days="1000000" id="153" room="64" start="96" weeks="111111111111111"/>
    <class days="0001000" id="154" room="64" start="180" weeks="111111111111111"/>
    <class days="0001000" id="155" room="64" start="108" weeks="111111111111111"/>
    <class days="0000100" id="156" room="64" start="180" weeks="111111111111111"/>
    <class days="0100000" id="157" room="64" start="96" weeks="111111111111111"/>
    <class days="1000000" id="158" room="64" start="144" weeks="111111111111111"/>
    <class days="0000100" id="159" room="60" start="108" weeks="111111111111111"/>
    <class days="1000000" id="160" room="60" start="156" weeks="111111111111111"/>
    <class days="1000000" id="161" room="8" start="108" weeks="111111111111111"/>
    <class days="0100000" id="162" room="8" start="156" weeks="111111111111111"/>
    <class days="0010000" id="163" room="13" start="108" weeks="111111111111111"/>
    <class days="1000000" id="164" room="13" start="108" weeks="111111111111111"/>
    <class days="0000100" id="165" room="10" start="96" weeks="111111111111111"/>
    <class days="0100000" id="166" room="60" start="96" weeks="111111111111111"/>
    <class days="0001000" id="167" room="13" start="96" weeks="111111111111111"/>
    <class days="0000100" id="168" room="10" start="144" weeks="111111111111111"/>
    <class days="0001000" id="169" room="60" start="96" weeks="111111111111111"/>
    <class days="0010000" id="170" room="60" start="168" weeks="111111111111111"/>
    <class days="1000000" id="171" room="10" start="108" weeks="111111111111111"/>
    <class days="1000000" id="172" room="10" start="168" weeks="111111111111111"/>
    <class days="0010000" id="173" room="10" start="120" weeks="111111111111111"/>
    <class days="0100000" id="174" room="9" start="168" weeks="111111111111111"/>
    <class days="0010000" id="175" room="62" start="108" weeks="111111111111111"/>
    <class days="0010000" id="176" room="60" start="192" weeks="111111111111111"/>
    <class days="1000000" id="177" room="60" start="180" weeks="111111111111111"/>
    <class days="0000100" id="178" room="12" start="108" weeks="111111111111111"/>
    <class days="1000000" id="179" room="15" start="96" weeks="111111111111111"/>
    <class days="0001000" id="180" room="15" start="156" weeks="111111111111111"/>
    <class days="0000100" id="181" room="15" start="96" weeks="111111111111111"/>
    <class days="0100000" id="182" room="27" start="84" weeks="111111111111111"/>
    <class days="0010000" id="183" room="27" start="84" weeks="111111111111111"/>
    <class days="1000000" id="184" room="9" start="108" weeks="111111111111111"/>
    <class days="0001000" id="185" room="61" start="120" weeks="111111111111111"/>
    <class days="0010000" id="186" room="61" start="156" weeks="111111111111111"/>
    <class days="1000000" id="187" room="9" start="96" weeks="111111111111111"/>
    <class days="0000100" id="188" room="9" start="156" weeks="111111111111111"/>
    <class days="0001000" id="189" room="9" start="96" weeks="111111111111111"/>
    <class days="1000000" id="190" room="62" start="132" weeks="111111111111111"/>
    <class days="0010000" id="191" room="9" start="120" weeks="111111111111111"/>
    <class days="0001000" id="192" room="18" start="96" weeks="111111111111111"/>
    <class days="0000100" id="193" room="9" start="120" weeks="111111111111111"/>
    <class days="0010000" id="194" room="62" start="192" weeks="111111111111111"/>
    <class days="0100000" id="195" room="61" start="156" weeks="111111111111111"/>
    <class days="1000000" id="196" room="13" start="168" weeks="111111111111111"/>
    <class days="0001000" id="197" room="13" start="168" weeks="111111111111111"/>
    <class days="0100000" id="198" room="62" start="108" weeks="111111111111111"/>
    <class days="0100000" id="199" room="62" start="180" weeks="111111111111111"/>
    <class days="0000100" id="200" room="9" start="192" weeks="111111111111111"/>
    <class days="0010000" id="201" room="8" start="156" weeks="111111111111111"/>
    <class days="0100000" id="202" room="8" start="108" weeks="111111111111111"/>
    <class days="0010000" id="203" room="9" start="144" weeks="111111111111111"/>
    <class days="0001000" id="204" room="9" start="168" weeks="111111111111111"/>
    <class days="1000000" id="205" room="9" start="120" weeks="111111111111111"/>
    <class days="0000100" id="206" room="9" start="96" weeks="111111111111111"/>
    <class days="0010000" id="207" room="15" start="156" weeks="111111111111111"/>
    <class days="0100000" id="208" room="7" start="120" weeks="111111111111111"/>
    <class days="0100000" id="209" room="15" start="96" weeks="111111111111111"/>
    <class days="1000000" id="210" room="8" start="144" weeks="111111111111111"/>
    <class days="0010000" id="211" room="15" start="96" weeks="111111111111111"/>
    <class days="0100000" id="212" room="12" start="96" weeks="111111111111111"/>
    <class days="1000000" id="213" room="9" start="168" weeks="111111111111111"/>
    <class days="0100000" id="214" room="9" start="144" weeks="111111111111111"/>
    <class days="1000000" id="215" room="7" start="156" weeks="111111111111111"/>
    <class days="1000000" id="216" room="14" start="144" weeks="111111111111111"/>
    <class days="0100000" id="217" room="14" start="132" weeks="111111111111111"/>
    <class days="0100000" id="218" room="14" start="144" weeks="111111111111111"/>
    <class days="0010000" id="219" room="14" start="144" weeks="111111111111111"/>
    <class days="0001000" id="220" room="14" start="108" weeks="111111111111111"/>
    <class days="0010000" id="221" room="14" start="132" weeks="111111111111111"/>
    <class days="0001000" id="222" room="14" start="168" weeks="111111111111111"/>
    <class days="0000100" id="223" room="14" start="120" weeks="111111111111111"/>
    <class days="0000100" id="224" room="14" start="96" weeks="111111111111111"/>
    <class days="0100000" id="225" room="14" start="120" weeks="111111111111111"/>
    <class days="1000000" id="226" room="14" start="108" weeks="111111111111111"/>
    <class days="0100000" id="227" room="14" start="108" weeks="111111111111111"/>
    <class days="0100000" id="228" start="144" weeks="111111111111111"/>
    <class days="0010000" id="229" start="144" weeks="111111111111111"/>
    <class days="0010000" id="230" room="61" start="180" weeks="111111111111111"/>
    <class days="0100000" id="231" room="18" start="96" weeks="111111111111111"/>
    <class days="0001000" id="232" room="15" start="120" weeks="111111111111111"/>
    <class days="1000000" id="233" room="11" start="144" weeks="111111111111111"/>
    <class days="1000000" id="234" room="11" start="204" weeks="111111111111111"/>
    <class days="0000100" id="235" room="11" start="168" weeks="111111111111111"/>
    <class days="0010000" id="236" room="15" start="180" weeks="111111111111111"/>
    <class days="0000100" id="237" room="9" start="144" weeks="111111111111111"/>
    <class days="0010000" id="238" room="11" start="132" weeks="111111111111111"/>
    <class days="1000000" id="239" room="11" start="108" weeks="111111111111111"/>
    <class days="0010000" id="240" room="9" start="96" weeks="111111111111111"/>
    <class days="0001000" id="241" room="9" start="180" weeks="111111111111111"/>
    <class days="1000000" id="242" room="15" start="180" weeks="111111111111111"/>
    <class days="0001000" id="243" room="62" start="168" weeks="111111111111111"/>
    <class days="1000000" id="244" room="10" start="144" weeks="111111111111111"/>
    <class days="0010000" id="245" room="62" start="168" weeks="111111111111111"/>
    <class days="0000100" id="246" room="11" start="144" weeks="111111111111111"/>
    <class days="0100000" id="247" room="11" start="96" weeks="111111111111111"/>
    <class days="0000100" id="248" room="15" start="156" weeks="111111111111111"/>
    <class days="1000000" id="249" room="15" start="132" weeks="111111111111111"/>
    <class days="0100000" id="250" room="15" start="156" weeks="111111111111111"/>
    <class days="1000000" id="251" room="15" start="144" weeks="111111111111111"/>
    <class days="0100000" id="252" room="15" start="180" weeks="111111111111111"/>
    <class days="1000000" id="253" room="9" start="144" weeks="111111111111111"/>
    <class days="0001000" id="254" room="9" start="144" weeks="111111111111111"/>
    <class days="0000100" id="255" room="11" start="108" weeks="111111111111111"/>
    <class days="0100000" id="256" room="14" start="168" weeks="111111111111111"/>
    <class days="1000000" id="257" room="14" start="96" weeks="111111111111111"/>
    <class days="0000100" id="258" room="14" start="132" weeks="111111111111111"/>
    <class days="0100000" id="259" room="14" start="96" weeks="111111111111111"/>
    <class days="1000000" id="260" room="14" start="180" weeks="111111111111111"/>
    <class days="0010000" id="261" room="14" start="108" weeks="111111111111111"/>
    <class days="0000100" id="262" room="14" start="168" weeks="111111111111111"/>
    <class days="0001000" id="263" room="14" start="144" weeks="111111111111111"/>
    <class days="0010000" id="264" room="14" start="168" weeks="111111111111111"/>
    <class days="0001000" id="265" room="14" start="96" weeks="111111111111111"/>
    <class days="0001000" id="266" room="27" start="120" weeks="111111111111111"/>
    <class days="0001000" id="267" room="50" start="120" weeks="111111111111111"/>
    <class days="0010000" id="268" room="50" start="144" weeks="111111111111111"/>
    <class days="0010000" id="269" room="48" start="192" weeks="111111111111111"/>
    <class days="0100000" id="270" room="50" start="120" weeks="111111111111111"/>
    <class days="0001000" id="271" room="17" start="96" weeks="111111111111111"/>
    <class days="0001000" id="272" room="27" start="156" weeks="111111111111111"/>
    <class days="0100000" id="273" room="50" start="168" weeks="111111111111111"/>
    <class days="0000100" id="274" room="48" start="192" weeks="111111111111111"/>
    <class days="0100000" id="275" room="27" start="192" weeks="111111111111111"/>
    <class days="1000000" id="276" room="50" start="96" weeks="111111111111111"/>
    <class days="0010000" id="277" room="50" start="192" weeks="111111111111111"/>
    <class days="0100000" id="278" room="50" start="144" weeks="111111111111111"/>
    <class days="1000000" id="279" room="50" start="120" weeks="111111111111111"/>
    <class days="0001000" id="280" room="48" start="192" weeks="111111111111111"/>
    <class days="0000100" id="281" room="50" start="132" weeks="111111111111111"/>
    <class days="0010000" id="282" room="50" start="156" weeks="111111111111111"/>
    <class days="1000000" id="283" room="50" start="192" weeks="111111111111111"/>
    <class days="0100000" id="284" room="48" start="168" weeks="111111111111111"/>
    <class days="1000000" id="285" room="51" start="156" weeks="111111111111111"/>
    <class days="0000100" id="286" room="51" start="120" weeks="111111111111111"/>
    <class days="1000000" id="287" room="50" start="156" weeks="111111111111111"/>
    <class days="1000000" id="288" room="17" start="96" weeks="111111111111111"/>
    <class days="0000100" id="289" room="17" start="168" weeks="111111111111111"/>
    <class days="0001000" id="290" room="50" start="156" weeks="111111111111111"/>
    <class days="0000100" id="291" room="50" start="192" weeks="111111111111111"/>
    <class days="1000000" id="292" room="17" start="120" weeks="111111111111111"/>
    <class days="0001000" id="293" room="50" start="192" weeks="111111111111111"/>
    <class days="0000100" id="294" room="50" start="96" weeks="111111111111111"/>
    <class days="0001000" id="295" room="51" start="156" weeks="111111111111111"/>
    <class days="1000000" id="296" room="48" start="168" weeks="111111111111111"/>
    <class days="0010000" id="297" room="48" start="156" weeks="111111111111111"/>
    <class days="0001000" id="298" room="51" start="96" weeks="111111111111111"/>
    <class days="1000000" id="299" room="64" start="120" weeks="111111111111111"/>
    <class days="1000000" id="300" room="64" start="156" weeks="111111111111111"/>
    <class days="0001000" id="301" room="48" start="144" weeks="111111111111111"/>
    <class days="0001000" id="302" room="48" start="120" weeks="111111111111111"/>
    <class days="0100000" id="303" room="52" start="96" weeks="111111111111111"/>
    <class days="0000100" id="304" room="17" start="96" weeks="111111111111111"/>
    <class days="1000000" id="305" room="48" start="192" weeks="111111111111111"/>
    <class days="0000100" id="306" room="48" start="96" weeks="111111111111111"/>
    <class days="0100000" id="307" room="50" start="192" weeks="111111111111111"/>
    <class days="0010000" id="308" room="52" start="96" weeks="111111111111111"/>
    <class days="0100000" id="309" room="52" start="168" weeks="111111111111111"/>
    <class days="0010000" id="310" room="51" start="144" weeks="111111111111111"/>
    <class days="0100000" id="311" room="52" start="132" weeks="111111111111111"/>
    <class days="0000100" id="312" room="48" start="144" weeks="111111111111111"/>
    <class days="0100000" id="313" room="48" start="132" weeks="111111111111111"/>
    <class days="0000100" id="314" room="52" start="120" weeks="111111111111111"/>
    <class days="0010000" id="315" room="51" start="108" weeks="111111111111111"/>
    <class days="1000000" id="316" room="48" start="120" weeks="111111111111111"/>
    <class days="0001000" id="317" room="52" start="96" weeks="111111111111111"/>
    <class days="1000000" id="318" room="48" start="96" weeks="111111111111111"/>
    <class days="0010000" id="319" room="50" start="96" weeks="111111111111111"/>
    <class days="0000100" id="320" room="48" start="168" weeks="111111111111111"/>
    <class days="1000000" id="321" room="51" start="120" weeks="111111111111111"/>
    <class days="0001000" id="322" room="48" start="96" weeks="111111111111111"/>
    <class days="0001000" id="323" room="51" start="120" weeks="111111111111111"/>
    <class days="0010000" id="324" room="48" start="96" weeks="111111111111111"/>
    <class days="0100000" id="325" room="64" start="156" weeks="111111111111111"/>
    <class days="0000100" id="326" room="48" start="120" weeks="111111111111111"/>
    <class days="0100000" id="327" room="51" start="156" weeks="111111111111111"/>
    <class days="1000000" id="328" room="48" start="144" weeks="111111111111111"/>
    <class days="0100000" id="329" room="1" start="132" weeks="111111111111111"/>
    <class days="0000100" id="330" room="56" start="144" weeks="111111111111111"/>
    <class days="1000000" id="331" room="37" start="120" weeks="111111111111111"/>
    <class days="0100000" id="332" room="55" start="120" weeks="111111111111111"/>
    <class days="0001000" id="333" room="55" start="120" weeks="111111111111111"/>
    <class days="0000100" id="334" room="36" start="156" weeks="111111111111111"/>
    <class days="0100000" id="335" room="59" start="120" weeks="111111111111111"/>
    <class days="1000000" id="336" room="4" start="96" weeks="111111111111111"/>
    <class days="1000000" id="337" room="46" start="144" weeks="111111111111111"/>
    <class days="0010000" id="338" room="46" start="132" weeks="111111111111111"/>
    <class days="1000000" id="339" room="46" start="96" weeks="111111111111111"/>
    <class days="0100000" id="340" room="18" start="144" weeks="111111111111111"/>
    <class days="1000000" id="341" room="60" start="96" weeks="111111111111111"/>
    <class days="0010000" id="342" room="60" start="120" weeks="111111111111111"/>
    <class days="0010000" id="343" room="60" start="132" weeks="111111111111111"/>
    <class days="1000000" id="344" room="46" start="168" weeks="111111111111111"/>
    <class days="0100000" id="345" room="62" start="96" weeks="111111111111111"/>
    <class days="0100000" id="346" room="18" start="156" weeks="111111111111111"/>
    <class days="0100000" id="347" room="46" start="120" weeks="111111111111111"/>
    <class days="0000100" id="348" room="42" start="120" weeks="111111111111111"/>
    <class days="0001000" id="349" start="144" weeks="111111111111111"/>
    <class days="0100000" id="350" start="132" weeks="111111111111111"/>
    <class days="1000000" id="351" room="62" start="144" weeks="111111111111111"/>
    <class days="0010000" id="352" room="46" start="96" weeks="111111111111111"/>
    <class days="0001000" id="353" room="60" start="120" weeks="111111111111111"/>
    <class days="0000100" id="354" room="60" start="96" weeks="111111111111111"/>
    <class days="1000000" id="355" room="60" start="120" weeks="111111111111111"/>
    <class days="0010000" id="356" room="60" start="180" weeks="111111111111111"/>
    <class days="0100000" id="357" room="46" start="156" weeks="111111111111111"/>
    <class days="0010000" id="358" room="46" start="108" weeks="111111111111111"/>
    <class days="0100000" id="359" room="60" start="120" weeks="111111111111111"/>
    <class days="0010000" id="360" room="60" start="144" weeks="111111111111111"/>
    <class days="0000100" id="361" room="66" start="156" weeks="111111111111111"/>
    <class days="0100000" id="362" room="65" start="108" weeks="111111111111111"/>
    <class days="0000100" id="363" room="60" start="132" weeks="111111111111111"/>
    <class days="0010000" id="364" room="60" start="156" weeks="111111111111111"/>
    <class days="0000100" id="365" room="17" start="120" weeks="111111111111111"/>
    <class days="0001000" id="366" room="17" start="192" weeks="111111111111111"/>
    <class days="0000100" id="367" room="46" start="144" weeks="111111111111111"/>
    <class days="0010000" id="368" room="18" start="96" weeks="111111111111111"/>
    <class days="0010000" id="369" room="65" start="144" weeks="111111111111111"/>
    <class days="0000100" id="370" room="65" start="132" weeks="111111111111111"/>
    <class days="1000000" id="371" room="62" start="180" weeks="111111111111111"/>
    <class days="0010000" id="372" room="18" start="192" weeks="111111111111111"/>
    <class days="0001000" id="373" room="61" start="168" weeks="111111111111111"/>
    <class days="1000000" id="374" room="18" start="144" weeks="111111111111111"/>
    <class days="1000000" id="375" room="66" start="156" weeks="111111111111111"/>
    <class days="0010000" id="376" room="17" start="156" weeks="111111111111111"/>
    <class days="0001000" id="377" start="132" weeks="111111111111111"/>
    <class days="0010000" id="378" start="144" weeks="111111111111111"/>
    <class days="0000100" id="379" room="22" start="108" weeks="111111111111111"/>
    <class days="0001000" id="380" room="22" start="144" weeks="111111111111111"/>
    <class days="0100000" id="381" room="18" start="120" weeks="111111111111111"/>
    <class days="0010000" id="382" room="27" start="108" weeks="111111111111111"/>
    <class days="0001000" id="383" room="62" start="144" weeks="111111111111111"/>
    <class days="0000100" id="384" room="18" start="120" weeks="111111111111111"/>
    <class days="0001000" id="385" room="18" start="144" weeks="111111111111111"/>
    <class days="1000000" id="386" room="61" start="120" weeks="111111111111111"/>
    <class days="0001000" id="387" room="18" start="168" weeks="111111111111111"/>
    <class days="1000000" id="388" room="18" start="108" weeks="111111111111111"/>
    <class days="1000000" id="389" room="18" start="120" weeks="111111111111111"/>
    <class days="0100000" id="390" room="62" start="144" weeks="111111111111111"/>
    <class days="0100000" id="391" room="42" start="180" weeks="111111111111111"/>
    <class days="0001000" id="392" room="27" start="192" weeks="111111111111111"/>
    <class days="0000100" id="393" room="66" start="132" weeks="111111111111111"/>
    <class days="0100000" id="394" room="66" start="108" weeks="111111111111111"/>
    <class days="1000000" id="395" room="27" start="120" weeks="111111111111111"/>
    <class days="1000000" id="396" room="18" start="96" weeks="111111111111111"/>
    <class days="0010000" id="397" room="60" start="96" weeks="111111111111111"/>
    <class days="0000100" id="398" room="62" start="96" weeks="111111111111111"/>
    <class days="1000000" id="399" start="144" weeks="111111111111111"/>
    <class days="0001000" id="400" start="144" weeks="111111111111111"/>
    <class days="0100000" id="401" room="26" start="108" weeks="111111111111111"/>
    <class days="0001000" id="402" room="26" start="96" weeks="111111111111111"/>
    <class days="0010000" id="403" room="22" start="132" weeks="111111111111111"/>
    <class days="0000100" id="404" room="26" start="96" weeks="111111111111111"/>
    <class days="0010000" id="405" room="26" start="168" weeks="111111111111111"/>
    <class days="0000100" id="406" room="26" start="108" weeks="111111111111111"/>
    <class days="0001000" id="407" start="156" weeks="111111111111111"/>
    <class days="1000000" id="408" start="108" weeks="111111111111111"/>
    <class days="0001000" id="409" room="65" start="120" weeks="111111111111111"/>
    <class days="0100000" id="410" room="66" start="120" weeks="111111111111111"/>
    <class days="0100000" id="411" room="66" start="168" weeks="111111111111111"/>
    <class days="1000000" id="412" room="47" start="120" weeks="111111111111111"/>
    <class days="0000100" id="413" room="26" start="120" weeks="111111111111111"/>
    <class days="0001000" id="414" start="120" weeks="111111111111111"/>
    <class days="1000000" id="415" room="22" start="108" weeks="111111111111111"/>
    <class days="0001000" id="416" room="66" start="96" weeks="111111111111111"/>
    <class days="0010000" id="417" room="47" start="120" weeks="111111111111111"/>
    <class days="0010000" id="418" room="26" start="120" weeks="111111111111111"/>
    <class days="1000000" id="419" room="17" start="144" weeks="111111111111111"/>
    <class days="0010000" id="420" room="17" start="168" weeks="111111111111111"/>
    <class days="0001000" id="421" room="26" start="108" weeks="111111111111111"/>
    <class days="1000000" id="422" room="26" start="144" weeks="111111111111111"/>
    <class days="0100000" id="423" room="17" start="96" weeks="111111111111111"/>
    <class days="1000000" id="424" room="26" start="96" weeks="111111111111111"/>
    <class days="0100000" id="425" room="26" start="180" weeks="111111111111111"/>
    <class days="0010000" id="426" room="17" start="96" weeks="111111111111111"/>
    <class days="0001000" id="427" room="26" start="120" weeks="111111111111111"/>
    <class days="0100000" id="428" room="17" start="132" weeks="111111111111111"/>
    <class days="1000000" id="429" room="26" start="132" weeks="111111111111111"/>
    <class days="1000000" id="430" room="49" start="168" weeks="111111111111111"/>
    <class days="0100000" id="431" room="44" start="144" weeks="111111111111111"/>
    <class days="0100000" id="432" room="49" start="96" weeks="111111111111111"/>
    <class days="0010000" id="433" room="49" start="144" weeks="111111111111111"/>
    <class days="0100000" id="434" room="49" start="168" weeks="111111111111111"/>
    <class days="0010000" id="435" room="54" start="108" weeks="111111111111111"/>
    <class days="1000000" id="436" room="18" start="168" weeks="111111111111111"/>
    <class days="0000100" id="437" room="54" start="120" weeks="111111111111111"/>
    <class days="0010000" id="438" room="26" start="144" weeks="111111111111111"/>
    <class days="0001000" id="439" room="54" start="120" weeks="111111111111111"/>
    <class days="0001000" id="440" room="26" start="168" weeks="111111111111111"/>
    <class days="0010000" id="441" room="26" start="96" weeks="111111111111111"/>
    <class days="0100000" id="442" room="17" start="108" weeks="111111111111111"/>
    <class days="0001000" id="443" room="17" start="120" weeks="111111111111111"/>
    <class days="0001000" id="444" room="17" start="156" weeks="111111111111111"/>
    <class days="0000100" id="445" room="17" start="144" weeks="111111111111111"/>
    <class days="0000100" id="446" room="26" start="156" weeks="111111111111111"/>
    <class days="1000000" id="447" room="17" start="156" weeks="111111111111111"/>
    <class days="1000000" id="448" room="49" start="96" weeks="111111111111111"/>
    <class days="0100000" id="449" room="49" start="144" weeks="111111111111111"/>
    <class days="0000100" id="450" room="49" start="96" weeks="111111111111111"/>
    <class days="0010000" id="451" room="17" start="120" weeks="111111111111111"/>
    <class days="0100000" id="452" room="26" start="144" weeks="111111111111111"/>
    <class days="0010000" id="453" room="49" start="96" weeks="111111111111111"/>
    <class days="0001000" id="454" room="49" start="168" weeks="111111111111111"/>
    <class days="0001000" id="455" room="26" start="132" weeks="111111111111111"/>
    <class days="0000100" id="456" room="49" start="120" weeks="111111111111111"/>
    <class days="0001000" id="457" room="49" start="96" weeks="111111111111111"/>
    <class days="0010000" id="458" room="49" start="120" weeks="111111111111111"/>
    <class days="0001000" id="459" room="49" start="132" weeks="111111111111111"/>
    <class days="0100000" id="460" room="49" start="120" weeks="111111111111111"/>
    <class days="1000000" id="461" room="49" start="144" weeks="111111111111111"/>
    <class days="0100000" id="462" room="17" start="156" weeks="111111111111111"/>
    <class days="1000000" id="463" room="54" start="144" weeks="111111111111111"/>
    <class days="1000000" id="464" room="54" start="96" weeks="111111111111111"/>
    <class days="0000100" id="465" room="54" start="168" weeks="111111111111111"/>
    <class days="0001000" id="466" room="44" start="120" weeks="111111111111111"/>
    <class days="1000000" id="467" room="49" start="120" weeks="111111111111111"/>
    <class days="0100000" id="468" start="144" weeks="111111111111111"/>
    <class days="0010000" id="469" start="96" weeks="111111111111111"/>
    <class days="0100000" id="470" room="44" start="168" weeks="111111111111111"/>
    <class days="1000000" id="471" room="44" start="96" weeks="111111111111111"/>
    <class days="0001000" id="472" room="54" start="96" weeks="111111111111111"/>
    <class days="0000100" id="473" room="49" start="156" weeks="111111111111111"/>
    <class days="0100000" id="474" room="53" start="120" weeks="111111111111111"/>
    <class days="1000000" id="475" room="53" start="96" weeks="111111111111111"/>
    <class days="0001000" id="476" room="53" start="168" weeks="111111111111111"/>
    <class days="1000000" id="477" room="53" start="144" weeks="111111111111111"/>
    <class days="0010000" id="478" room="53" start="168" weeks="111111111111111"/>
    <class days="0001000" id="479" room="53" start="96" weeks="111111111111111"/>
    <class days="0010000" id="480" room="53" start="96" weeks="111111111111111"/>
    <class days="0100000" id="481" room="53" start="144" weeks="111111111111111"/>
    <class days="1000000" id="482" room="53" start="168" weeks="111111111111111"/>
    <class days="0010000" id="483" room="53" start="120" weeks="111111111111111"/>
    <class days="0001000" id="484" room="53" start="144" weeks="111111111111111"/>
    <class days="1000000" id="485" room="53" start="120" weeks="111111111111111"/>
    <class days="0100000" id="486" room="53" start="96" weeks="111111111111111"/>
    <class days="0000100" id="487" room="53" start="96" weeks="111111111111111"/>
    <class days="0000100" id="488" room="53" start="120" weeks="111111111111111"/>
    <class days="0010000" id="489" room="53" start="192" weeks="111111111111111"/>
    <class days="0100000" id="490" room="53" start="168" weeks="111111111111111"/>
    <class days="0010000" id="491" room="53" start="144" weeks="111111111111111"/>
    <class days="0000100" id="492" room="53" start="144" weeks="111111111111111"/>
    <class days="0000100" id="493" room="53" start="168" weeks="111111111111111"/>
    <class days="0100000" id="494" start="120" weeks="111111111111111"/>
    <class days="1000000" id="495" start="96" weeks="111111111111111"/>
    <class days="0001000" id="496" room="49" start="210" weeks="111111111111111"/>
    <class days="0001000" id="497" room="21" start="120" weeks="111111111111111"/>
    <class days="0000100" id="498" room="21" start="204" weeks="111111111111111"/>
    <class days="0010000" id="499" room="21" start="168" weeks="111111111111111"/>
    <class days="0000100" id="500" room="21" start="120" weeks="111111111111111"/>
    <class days="0000100" id="501" room="42" start="168" weeks="111111111111111"/>
    <class days="0100000" id="502" room="42" start="168" weeks="111111111111111"/>
    <class days="1000000" id="503" room="24" start="168" weeks="111111111111111"/>
    <class days="1000000" id="504" room="42" start="120" weeks="111111111111111"/>
    <class days="0100000" id="505" room="42" start="144" weeks="111111111111111"/>
    <class days="0001000" id="506" room="24" start="192" weeks="111111111111111"/>
    <class days="0100000" id="507" room="63" start="96" weeks="111111111111111"/>
    <class days="0001000" id="508" room="63" start="144" weeks="111111111111111"/>
    <class days="1000000" id="509" room="41" start="144" weeks="111111111111111"/>
    <class days="0001000" id="510" room="21" start="96" weeks="111111111111111"/>
    <class days="1000000" id="511" room="63" start="156" weeks="111111111111111"/>
    <class days="0010000" id="512" room="24" start="156" weeks="111111111111111"/>
    <class days="0000100" id="513" room="24" start="120" weeks="111111111111111"/>
    <class days="0100000" id="514" room="24" start="120" weeks="111111111111111"/>
    <class days="0000100" id="515" room="63" start="192" weeks="111111111111111"/>
    <class days="0100000" id="516" room="63" start="156" weeks="111111111111111"/>
    <class days="0010000" id="517" room="63" start="156" weeks="111111111111111"/>
    <class days="0000100" id="518" room="27" start="156" weeks="111111111111111"/>
    <class days="0010000" id="519" room="48" start="120" weeks="111111111111111"/>
    <class days="0000100" id="520" room="52" start="96" weeks="111111111111111"/>
    <class days="0000100" id="521" room="52" start="156" weeks="111111111111111"/>
    <class days="0001000" id="522" room="52" start="168" weeks="111111111111111"/>
    <class days="0010000" id="523" room="52" start="156" weeks="111111111111111"/>
    <class days="0100000" id="524" room="50" start="96" weeks="111111111111111"/>
    <class days="0000100" id="525" room="51" start="144" weeks="111111111111111"/>
    <class days="0000100" id="526" room="51" start="96" weeks="111111111111111"/>
    <class days="0000100" id="527" room="27" start="192" weeks="111111111111111"/>
    <class days="0100000" id="528" room="51" start="96" weeks="111111111111111"/>
    <class days="1000000" id="529" room="52" start="96" weeks="111111111111111"/>
    <class days="1000000" id="530" room="52" start="132" weeks="111111111111111"/>
    <class days="0010000" id="531" room="64" start="144" weeks="111111111111111"/>
    <class days="0100000" id="532" room="51" start="132" weeks="111111111111111"/>
    <class days="0000100" id="533" room="50" start="156" weeks="111111111111111"/>
    <class days="0001000" id="534" room="50" start="96" weeks="111111111111111"/>
    <class days="0100000" id="535" room="48" start="96" weeks="111111111111111"/>
    <class days="1000000" id="536" room="52" start="168" weeks="111111111111111"/>
    <class days="0010000" id="537" room="52" start="120" weeks="111111111111111"/>
    <class days="1000000" id="538" room="51" start="96" weeks="111111111111111"/>
    <class days="0001000" id="539" room="52" start="132" weeks="111111111111111"/>
    <class days="1000000" id="540" room="27" start="156" weeks="111111111111111"/>
    <class days="0000100" id="541" room="27" start="120" weeks="111111111111111"/>
    <class days="0010000" id="542" room="27" start="192" weeks="111111111111111"/>
    <class days="0010000" id="543" room="27" start="156" weeks="111111111111111"/>
    <class days="0010000" id="544" room="27" start="120" weeks="111111111111111"/>
    <class days="1000000" id="545" room="27" start="192" weeks="111111111111111"/>
    <class days="0001000" id="546" room="46" start="96" weeks="111111111111111"/>
    <class days="0000100" id="547" room="46" start="120" weeks="111111111111111"/>
    <class days="0010000" id="548" room="19" start="96" weeks="111111111111111"/>
    <class days="0010000" id="549" room="46" start="144" weeks="111111111111111"/>
    <class days="0001000" id="550" room="60" start="108" weeks="111111111111111"/>
    <class days="0000100" id="551" room="19" start="96" weeks="111111111111111"/>
    <class days="0001000" id="552" room="42" start="168" weeks="111111111111111"/>
    <class days="1000000" id="553" room="41" start="180" weeks="111111111111111"/>
    <class days="0010000" id="554" room="42" start="132" weeks="111111111111111"/>
    <class days="0000100" id="555" room="42" start="144" weeks="111111111111111"/>
    <class days="0000100" id="556" room="42" start="96" weeks="111111111111111"/>
    <class days="0010000" id="557" room="42" start="156" weeks="111111111111111"/>
    <class days="0001000" id="558" room="25" start="168" weeks="111111111111111"/>
    <class days="1000000" id="559" room="23" start="168" weeks="111111111111111"/>
    <class days="0100000" id="560" room="23" start="168" weeks="111111111111111"/>
    <class days="0000100" id="561" room="23" start="108" weeks="111111111111111"/>
    <class days="0100000" id="562" room="60" start="156" weeks="111111111111111"/>
    <class days="0100000" id="563" room="46" start="144" weeks="111111111111111"/>
    <class days="1000000" id="564" room="19" start="156" weeks="111111111111111"/>
    <class days="0001000" id="565" room="46" start="168" weeks="111111111111111"/>
    <class days="1000000" id="566" room="46" start="204" weeks="111111111111111"/>
    <class days="0001000" id="567" room="19" start="96" weeks="111111111111111"/>
    <class days="0010000" id="568" room="24" start="132" weeks="111111111111111"/>
    <class days="0000100" id="569" room="24" start="108" weeks="111111111111111"/>
    <class days="0001000" id="570" room="23" start="156" weeks="111111111111111"/>
    <class days="0100000" id="571" room="21" start="204" weeks="111111111111111"/>
    <class days="0001000" id="572" room="21" start="180" weeks="111111111111111"/>
    <class days="0001000" id="573" room="42" start="120" weeks="111111111111111"/>
    <class days="0001000" id="574" room="42" start="96" weeks="111111111111111"/>
    <class days="0100000" id="575" room="20" start="168" weeks="111111111111111"/>
    <class days="0000100" id="576" room="23" start="168" weeks="111111111111111"/>
    <class days="0010000" id="577" room="23" start="168" weeks="111111111111111"/>
    <class days="1000000" id="578" room="24" start="120" weeks="111111111111111"/>
    <class days="0001000" id="579" room="24" start="132" weeks="111111111111111"/>
    <class days="0010000" id="580" room="42" start="168" weeks="111111111111111"/>
    <class days="0010000" id="581" room="42" start="96" weeks="111111111111111"/>
    <class days="0010000" id="582" room="24" start="108" weeks="111111111111111"/>
    <class days="0001000" id="583" room="24" start="180" weeks="111111111111111"/>
    <class days="0000100" id="584" room="21" start="132" weeks="111111111111111"/>
    <class days="0100000" id="585" room="21" start="156" weeks="111111111111111"/>
    <class days="0100000" id="586" room="24" start="132" weeks="111111111111111"/>
    <class days="0010000" id="587" room="24" start="96" weeks="111111111111111"/>
    <class days="0000100" id="588" room="24" start="144" weeks="111111111111111"/>
    <class days="1000000" id="589" room="21" start="144" weeks="111111111111111"/>
    <class days="0001000" id="590" room="41" start="120" weeks="111111111111111"/>
    <class days="0001000" id="591" room="21" start="168" weeks="111111111111111"/>
    <class days="1000000" id="592" room="21" start="204" weeks="111111111111111"/>
    <class days="0010000" id="593" room="21" start="144" weeks="111111111111111"/>
    <class days="0010000" id="594" room="21" start="192" weeks="111111111111111"/>
    <class days="0000100" id="595" room="21" start="108" weeks="111111111111111"/>
    <class days="1000000" id="596" room="21" start="168" weeks="111111111111111"/>
    <class days="0100000" id="597" room="21" start="180" weeks="111111111111111"/>
    <class days="1000000" id="598" room="24" start="192" weeks="111111111111111"/>
    <class days="0001000" id="599" room="21" start="144" weeks="111111111111111"/>
    <class days="0100000" id="600" room="21" start="144" weeks="111111111111111"/>
    <class days="0100000" id="601" room="21" start="120" weeks="111111111111111"/>
    <class days="0010000" id="602" room="21" start="108" weeks="111111111111111"/>
    <class days="0100000" id="603" room="21" start="168" weeks="111111111111111"/>
    <class days="1000000" id="604" room="23" start="132" weeks="111111111111111"/>
    <class days="0010000" id="605" room="41" start="168" weeks="111111111111111"/>
    <class days="1000000" id="606" room="44" start="180" weeks="111111111111111"/>
    <class days="0100000" id="607" room="44" start="108" weeks="111111111111111"/>
    <class days="0000100" id="608" room="24" start="180" weeks="111111111111111"/>
    <class days="0010000" id="609" room="24" start="168" weeks="111111111111111"/>
    <class days="1000000" id="610" room="21" start="180" weeks="111111111111111"/>
    <class days="0000100" id="611" room="42" start="132" weeks="111111111111111"/>
    <class days="1000000" id="612" room="42" start="144" weeks="111111111111111"/>
    <class days="0010000" id="613" room="42" start="108" weeks="111111111111111"/>
    <class days="0010000" id="614" room="23" start="96" weeks="111111111111111"/>
    <class days="1000000" id="615" room="24" start="144" weeks="111111111111111"/>
    <class days="1000000" id="616" room="42" start="96" weeks="111111111111111"/>
    <class days="0001000" id="617" room="42" start="144" weeks="111111111111111"/>
    <class days="0100000" id="618" room="42" start="156" weeks="111111111111111"/>
    <class days="0001000" id="619" room="27" start="96" weeks="111111111111111"/>
    <class days="0001000" id="620" room="27" start="204" weeks="111111111111111"/>
    <class days="0100000" id="621" room="24" start="192" weeks="111111111111111"/>
    <class days="0000100" id="622" room="24" start="96" weeks="111111111111111"/>
    <class days="0001000" id="623" room="24" start="108" weeks="111111111111111"/>
    <class days="0100000" id="624" room="42" start="132" weeks="111111111111111"/>
    <class days="1000000" id="625" room="41" start="96" weeks="111111111111111"/>
    <class days="0000100" id="626" room="41" start="120" weeks="111111111111111"/>
    <class days="1000000" id="627" room="24" start="96" weeks="111111111111111"/>
    <class days="0000100" id="628" room="42" start="156" weeks="111111111111111"/>
    <class days="0100000" id="629" room="63" start="108" weeks="111111111111111"/>
    <class days="0000100" id="630" room="63" start="156" weeks="111111111111111"/>
    <class days="0100000" id="631" room="24" start="96" weeks="111111111111111"/>
    <class days="0100000" id="632" room="24" start="156" weeks="111111111111111"/>
    <class days="1000000" id="633" room="21" start="108" weeks="111111111111111"/>
    <class days="0000100" id="634" room="63" start="96" weeks="111111111111111"/>
    <class days="0000100" id="635" room="21" start="168" weeks="111111111111111"/>
    <class days="0100000" id="636" room="63" start="180" weeks="111111111111111"/>
    <class days="0010000" id="637" room="63" start="192" weeks="111111111111111"/>
    <class days="0100000" id="638" room="63" start="168" weeks="111111111111111"/>
    <class days="0010000" id="639" room="63" start="144" weeks="111111111111111"/>
    <class days="1000000" id="640" room="63" start="108" weeks="111111111111111"/>
    <class days="0000100" id="641" room="63" start="120" weeks="111111111111111"/>
    <class days="0100000" id="642" room="63" start="120" weeks="111111111111111"/>
    <class days="0010000" id="643" room="63" start="96" weeks="111111111111111"/>
    <class days="0000100" id="644" room="63" start="144" weeks="111111111111111"/>
    <class days="0010000" id="645" room="63" start="180" weeks="111111111111111"/>
    <class days="0010000" id="646" room="63" start="120" weeks="111111111111111"/>
    <class days="0001000" id="647" room="63" start="96" weeks="111111111111111"/>
    <class days="1000000" id="648" room="63" start="180" weeks="111111111111111"/>
    <class days="0000100" id="649" room="63" start="180" weeks="111111111111111"/>
    <class days="1000000" id="650" room="63" start="132" weeks="111111111111111"/>
    <class days="0100000" id="651" room="63" start="132" weeks="111111111111111"/>
    <class days="0000100" id="652" room="63" start="108" weeks="111111111111111"/>
    <class days="0001000" id="653" room="63" start="168" weeks="111111111111111"/>
    <class days="1000000" id="654" room="63" start="96" weeks="111111111111111"/>
    <class days="0001000" id="655" room="63" start="120" weeks="111111111111111"/>
    <class days="0001000" id="656" room="63" start="192" weeks="111111111111111"/>
    <class days="0001000" id="657" start="210" weeks="111111111111111"/>
    <class days="0010000" id="658" start="210" weeks="111111111111111"/>
    <class days="0100000" id="659" start="210" weeks="111111111111111"/>
    <class days="1000000" id="660" start="210" weeks="111111111111111"/>
    <class days="0010000" id="661" start="210" weeks="111111111111111"/>
    <class days="0001000" id="662" room="60" start="144" weeks="111111111111111"/>
    <class days="0100000" id="663" room="61" start="132" weeks="111111111111111"/>
    <class days="0000100" id="664" room="46" start="96" weeks="111111111111111"/>
    <class days="0100000" id="665" room="46" start="108" weeks="111111111111111"/>
    <class days="0000100" id="666" room="46" start="168" weeks="111111111111111"/>
    <class days="0001000" id="667" room="62" start="120" weeks="111111111111111"/>
    <class days="0000100" id="668" room="60" start="156" weeks="111111111111111"/>
    <class days="0010000" id="669" room="27" start="96" weeks="111111111111111"/>
    <class days="0000100" id="670" room="62" start="132" weeks="111111111111111"/>
    <class days="0001000" id="671" room="46" start="120" weeks="111111111111111"/>
    <class days="0100000" id="672" room="65" start="132" weeks="111111111111111"/>
    <class days="1000000" id="673" start="96" weeks="111111111111111"/>
    <class days="0001000" id="674" room="60" start="168" weeks="111111111111111"/>
    <class days="0100000" id="675" room="60" start="144" weeks="111111111111111"/>
    <class days="0001000" id="676" room="66" start="144" weeks="111111111111111"/>
    <class days="1000000" id="677" room="27" start="144" weeks="111111111111111"/>
    <class days="0000100" id="678" room="61" start="168" weeks="111111111111111"/>
    <class days="0010000" id="679" room="18" start="108" weeks="111111111111111"/>
    <class days="0001000" id="680" room="65" start="96" weeks="111111111111111"/>
    <class days="0000100" id="681" room="22" start="96" weeks="111111111111111"/>
    <class days="0001000" id="682" room="18" start="120" weeks="111111111111111"/>
    <class days="1000000" id="683" room="27" start="96" weeks="111111111111111"/>
    <class days="0001000" id="684" room="61" start="132" weeks="111111111111111"/>
    <class days="0010000" id="685" room="61" start="144" weeks="111111111111111"/>
    <class days="0010000" id="686" room="18" start="120" weeks="111111111111111"/>
    <class days="0001000" id="687" room="61" start="156" weeks="111111111111111"/>
    <class days="0001000" id="688" room="65" start="156" weeks="111111111111111"/>
    <class days="1000000" id="689" room="27" start="108" weeks="111111111111111"/>
    <class days="0010000" id="690" room="46" start="168" weeks="111111111111111"/>
    <class days="0100000" id="691" room="46" start="180" weeks="111111111111111"/>
    <class days="0100000" id="692" room="61" start="180" weeks="111111111111111"/>
    <class days="1000000" id="693" room="18" start="156" weeks="111111111111111"/>
    <class days="0010000" id="694" room="62" start="132" weeks="111111111111111"/>
    <class days="1000000" id="695" room="61" start="96" weeks="111111111111111"/>
    <class days="0000100" id="696" room="27" start="96" weeks="111111111111111"/>
    <class days="1000000" id="697" room="46" start="120" weeks="111111111111111"/>
    <class days="0001000" id="698" room="46" start="156" weeks="111111111111111"/>
    <class days="0010000" id="699" room="18" start="144" weeks="111111111111111"/>
    <class days="0100000" id="700" room="42" start="96" weeks="111111111111111"/>
    <class days="0010000" id="701" room="66" start="96" weeks="111111111111111"/>
    <class days="1000000" id="702" room="66" start="108" weeks="111111111111111"/>
    <class days="0000100" id="703" room="66" start="96" weeks="111111111111111"/>
    <class days="0010000" id="704" room="36" start="96" weeks="111111111111111"/>
    <class days="0001000" id="705" room="33" start="108" weeks="111111111111111"/>
    <class days="0010000" id="706" room="3" start="168" weeks="111111111111111"/>
    <class days="0000100" id="707" room="62" start="180" weeks="111111111111111"/>
    <class days="0001000" id="708" room="62" start="132" weeks="111111111111111"/>
    <class days="0000100" id="709" room="36" start="120" weeks="111111111111111"/>
    <class days="0000100" id="710" room="59" start="168" weeks="111111111111111"/>
    <class days="0010000" id="711" room="61" start="120" weeks="111111111111111"/>
    <class days="0100000" id="712" room="59" start="192" weeks="111111111111111"/>
    <class days="1000000" id="713" room="59" start="108" weeks="111111111111111"/>
    <class days="1000000" id="714" room="59" start="156" weeks="111111111111111"/>
    <class days="0010000" id="715" room="59" start="96" weeks="111111111111111"/>
    <class days="0001000" id="716" room="2" start="168" weeks="111111111111111"/>
    <class days="0100000" id="717" room="36" start="168" weeks="111111111111111"/>
    <class days="1000000" id="718" room="62" start="120" weeks="111111111111111"/>
    <class days="0000100" id="719" room="61" start="108" weeks="111111111111111"/>
    <class days="0000100" id="720" room="33" start="120" weeks="111111111111111"/>
    <class days="1000000" id="721" room="61" start="168" weeks="111111111111111"/>
    <class days="0100000" id="722" room="61" start="120" weeks="111111111111111"/>
    <class days="0010000" id="723" room="33" start="96" weeks="111111111111111"/>
    <class days="0001000" id="724" room="59" start="96" weeks="111111111111111"/>
    <class days="1000000" id="725" room="59" start="180" weeks="111111111111111"/>
    <class days="1000000" id="726" room="59" start="132" weeks="111111111111111"/>
    <class days="0100000" id="727" room="34" start="120" weeks="111111111111111"/>
    <class days="0010000" id="728" room="62" start="180" weeks="111111111111111"/>
    <class days="0100000" id="729" room="61" start="96" weeks="111111111111111"/>
    <class days="0000100" id="730" room="3" start="120" weeks="111111111111111"/>
    <class days="1000000" id="731" room="61" start="180" weeks="111111111111111"/>
    <class days="0010000" id="732" room="59" start="156" weeks="111111111111111"/>
    <class days="0000100" id="733" room="55" start="168" weeks="111111111111111"/>
    <class days="0000100" id="734" room="59" start="156" weeks="111111111111111"/>
    <class days="0001000" id="735" room="62" start="180" weeks="111111111111111"/>
    <class days="1000000" id="736" room="38" start="120" weeks="111111111111111"/>
    <class days="0000100" id="737" room="1" start="144" weeks="111111111111111"/>
    <class days="0000100" id="738" room="1" start="132" weeks="111111111111111"/>
    <class days="0000100" id="739" room="29" start="156" weeks="111111111111111"/>
    <class days="0000100" id="740" room="59" start="96" weeks="111111111111111"/>
    <class days="0000100" id="741" room="62" start="156" weeks="111111111111111"/>
    <class days="0010000" id="742" room="62" start="96" weeks="111111111111111"/>
    <class days="0001000" id="743" room="59" start="168" weeks="111111111111111"/>
    <class days="0010000" id="744" room="59" start="132" weeks="111111111111111"/>
    <class days="0010000" id="745" room="34" start="168" weeks="111111111111111"/>
    <class days="0010000" id="746" room="59" start="180" weeks="111111111111111"/>
    <class days="0001000" id="747" room="55" start="96" weeks="111111111111111"/>
    <class days="0001000" id="748" room="32" start="120" weeks="111111111111111"/>
    <class days="0010000" id="749" room="59" start="144" weeks="111111111111111"/>
    <class days="0001000" id="750" room="59" start="156" weeks="111111111111111"/>
    <class days="0001000" id="751" room="28" start="168" weeks="111111111111111"/>
    <class days="0100000" id="752" room="55" start="96" weeks="111111111111111"/>
    <class days="1000000" id="753" room="59" start="168" weeks="111111111111111"/>
    <class days="0000100" id="754" room="32" start="168" weeks="111111111111111"/>
    <class days="0010000" id="755" room="1" start="120" weeks="111111111111111"/>
    <class days="0100000" id="756" room="59" start="180" weeks="111111111111111"/>
    <class days="0001000" id="757" room="35" start="96" weeks="111111111111111"/>
    <class days="0000100" id="758" room="59" start="192" weeks="111111111111111"/>
    <class days="0000100" id="759" room="59" start="120" weeks="111111111111111"/>
    <class days="0010000" id="760" room="59" start="168" weeks="111111111111111"/>
    <class days="1000000" id="761" room="59" start="144" weeks="111111111111111"/>
    <class days="0100000" id="762" room="28" start="120" weeks="111111111111111"/>
    <class days="0100000" id="763" room="30" start="168" weeks="111111111111111"/>
    <class days="0001000" id="764" room="58" start="168" weeks="111111111111111"/>
    <class days="0010000" id="765" room="67" start="96" weeks="111111111111111"/>
    <class days="1000000" id="766" room="5" start="168" weeks="111111111111111"/>
    <class days="0000100" id="767" start="108" weeks="111111111111111"/>
    <class days="0000100" id="768" start="168" weeks="111111111111111"/>
    <class days="0100000" id="769" room="30" start="96" weeks="111111111111111"/>
    <class days="0100000" id="770" room="30" start="132" weeks="111111111111111"/>
    <class days="0001000" id="771" room="30" start="132" weeks="111111111111111"/>
    <class days="0001000" id="772" room="30" start="168" weeks="111111111111111"/>
    <class days="1000000" id="773" room="30" start="96" weeks="111111111111111"/>
    <class days="1000000" id="774" room="30" start="168" weeks="111111111111111"/>
    <class days="0010000" id="775" room="30" start="96" weeks="111111111111111"/>
    <class days="0010000" id="776" room="67" start="168" weeks="111111111111111"/>
    <class days="0001000" id="777" room="30" start="96" weeks="111111111111111"/>
    <class days="0001000" id="778" room="57" start="168" weeks="111111111111111"/>
    <class days="1000000" id="779" room="30" start="120" weeks="111111111111111"/>
    <class days="1000000" id="780" room="55" start="168" weeks="111111111111111"/>
    <class days="0000100" id="781" start="168" weeks="111111111111111"/>
    <class days="0000100" id="782" start="108" weeks="111111111111111"/>
</solution>
