fes;time;f
1;47;2147484146
2;47;2147484145
8;62;2147484144
9;62;2147484143
16;78;2147484142
21;78;2147484140
29;78;2147484139
31;94;2147484138
36;94;2147484137
37;94;2147484135
38;94;2147484131
39;94;2147484129
49;94;2147484128
53;109;2147484127
55;109;2147484126
63;109;2147484125
76;109;2147484123
80;125;2147484122
85;125;2147484121
90;125;2147484119
97;125;2147484117
99;125;2147484116
106;141;2147484115
109;141;2147484114
110;141;2147484113
118;141;2147484111
122;141;2147484110
123;141;2147484109
126;141;2147484107
128;141;2147484104
138;156;2147484102
149;156;2147484100
150;156;2147484099
152;156;2147484098
155;156;2147484097
156;172;2147484094
163;172;2147484093
194;187;2147484092
198;187;2147484091
201;187;2147484090
215;203;2147484089
216;203;2147484088
219;203;2147484086
226;203;2147484084
227;203;2147484083
229;203;2147484082
237;219;2147484081
240;219;2147484080
248;234;2147484078
253;234;2147484077
255;234;2147484076
257;234;2147484075
263;234;2147484073
268;234;2147484069
280;250;2147484068
288;250;2147484066
296;250;2147484065
299;250;2147484064
303;250;2147484062
304;250;2147484061
307;250;2147484060
314;266;2147484058
316;266;2147484054
321;266;2147484053
335;266;2147484051
341;266;2147484050
351;281;2147484049
356;281;2147484048
359;281;2147484047
360;281;2147484045
373;297;2147484044
380;297;2147484043
387;297;2147484041
389;297;2147484040
398;297;2147484039
402;312;2147484038
435;312;2147484037
440;328;2147484036
456;328;2147484035
459;328;2147484032
460;328;2147484031
466;328;2147484029
468;328;2147484028
473;328;2147484027
474;344;2147484026
477;344;2147484023
479;344;2147484021
482;344;2147484020
489;344;2147484019
491;344;2147484018
519;359;2147484016
520;359;2147484015
528;359;2147484013
538;359;2147484012
541;359;2147484011
551;375;2147484010
552;375;2147484008
569;375;2147484006
579;375;2147484004
585;375;2147484003
605;391;2147484002
606;391;2147484001
607;391;2147483996
614;391;2147483994
628;406;2147483993
632;406;2147483991
634;406;2147483989
639;406;2147483987
640;406;2147483986
641;406;2147483984
655;406;2147483983
674;422;2147483982
688;422;2147483980
692;422;2147483979
705;437;2147483978
707;437;2147483977
708;437;2147483976
714;437;2147483975
716;437;2147483973
728;453;2147483972
739;453;2147483971
748;453;2147483970
760;453;2147483969
761;453;2147483966
769;469;2147483965
778;469;2147483963
792;469;2147483962
810;484;2147483961
813;484;2147483960
836;500;2147483959
859;516;2147483958
867;516;2147483954
869;516;2147483953
877;516;2147483950
889;516;2147483949
893;531;2147483948
900;531;2147483947
921;531;2147483946
924;531;2147483945
938;547;2147483943
962;547;2147483942
985;562;2147483941
993;562;2147483940
997;562;2147483939
1014;578;2147483938
1023;578;2147483937
1041;578;2147483936
1043;578;2147483935
1050;594;2147483934
1053;594;2147483933
1075;594;2147483932
1078;609;2147483931
1079;609;2147483930
1084;609;2147483929
1098;609;2147483928
1100;609;2147483927
1102;609;2147483925
1104;609;2147483924
1120;625;2147483923
1186;656;2147483922
1195;656;2147483921
1202;656;2147483920
1204;656;2147483919
1228;672;2147483918
1229;672;2147483917
1244;672;2147483916
1253;672;2147483915
1256;687;2147483914
1260;687;2147483913
1272;687;2147483912
1292;703;2147483911
1295;703;2147483910
1299;703;2147483909
1300;703;2147483908
1306;703;2147483907
1328;719;2147483906
1330;719;2147483905
1358;719;2147483904
1362;719;2147483903
1363;719;2147483901
1367;734;2147483900
1399;734;2147483899
1403;734;2147483898
1408;750;2147483897
1410;750;2147483896
1415;750;2147483895
1421;750;2147483894
1426;750;2147483893
1445;765;2147483892
1464;765;2147483891
1474;765;2147483890
1484;781;2147483889
1491;781;2147483888
1494;781;2147483887
1498;781;2147483886
1501;781;2147483885
1502;781;2147483884
1507;781;2147483883
1509;781;2147483881
1516;781;2147483880
1669;859;2147483879
1683;859;2147483878
1693;859;2147483876
1733;875;2147483875
1819;922;2147483873
1836;922;2147483872
1845;922;2147483871
1847;922;2147483870
1848;922;2147483869
1850;922;2147483868
1851;922;2147483867
1861;937;2147483866
1880;937;2147483865
1891;937;2147483864
1912;953;2147483863
1913;953;2147483862
1930;953;2147483860
1959;969;2147483859
1965;969;2147483858
1967;969;2147483857
1973;984;2147483856
1974;984;2147483855
1988;984;2147483854
2013;1000;2147483853
2043;1015;2147483852
2048;1015;2147483851
2061;1015;2147483850
2064;1015;2147483849
2087;1031;2147483848
2135;1047;2147483847
2161;1062;2147483846
2201;1078;2147483845
2215;1078;2147483844
2228;1078;2147483843
2242;1094;2147483842
2247;1094;2147483841
2255;1094;2147483840
2261;1094;2147483839
2301;1109;2147483837
2322;1125;2147483836
2362;1140;2147483835
2382;1156;2147483834
2414;1156;2147483833
2429;1172;2147483831
2466;1187;2147483830
2549;1219;2147483829
2550;1219;2147483828
2582;1234;2147483826
2604;1234;2147483825
2691;1281;2147483824
2692;1281;2147483822
2708;1281;2147483821
2800;1312;2147483820
2882;1359;2147483819
2931;1375;2147483818
2976;1390;2147483817
3037;1422;2147483816
3070;1437;2147483814
3075;1437;2147483813
3092;1437;2147483812
3168;1468;2147483811
3173;1484;2147483810
3176;1484;2147483809
3188;1484;2147483808
3197;1484;2147483807
3202;1484;2147483806
3224;1500;2147483805
3250;1500;2147483804
3252;1515;2147483803
3308;1531;2147483802
3309;1531;2147483801
3311;1531;2147483800
3473;1593;2147483799
3503;1609;2147483798
3513;1609;2147483797
3523;1625;2147483796
3539;1625;2147483795
3547;1625;2147483794
3558;1625;2147483793
3585;1640;2147483792
3633;1656;2147483791
3674;1672;2147483790
3702;1687;2147483789
3721;1703;2147483788
3737;1703;2147483787
3749;1718;2147483786
3753;1718;2147483785
3759;1718;2147483784
3837;1750;2147483783
3846;1750;2147483782
3924;1781;2147483781
4096;1859;2147483780
4104;1859;2147483779
4151;1875;2147483778
4157;1875;2147483777
4210;1906;2147483776
4331;1953;2147483775
4353;1953;2147483774
4354;1968;2147483773
4363;1968;2147483772
4368;1968;2147483771
4460;2000;2147483770
4466;2000;2147483769
4575;2046;2147483768
4653;2078;2147483767
4677;2093;2147483766
4764;2125;2147483765
4781;2140;2147483764
4799;2140;2147483763
4932;2203;2147483762
4943;2203;2147483761
5016;2234;2147483760
5054;2250;2147483759
5117;2281;2147483758
5160;2296;2147483756
5217;2312;2147483755
5220;2328;2147483754
5301;2359;2147483753
5381;2390;2147483752
5490;2437;2147483751
5504;2437;2147483750
5518;2453;2147483749
5645;2499;2147483748
5722;2531;2147483747
5843;2578;2147483746
5854;2593;2147483745
5861;2593;2147483744
5909;2609;2147483743
5926;2609;2147483742
5934;2624;2147483741
6086;2687;2147483740
6209;2739;2147483739
6270;2761;2147483738
6280;2761;2147483737
6353;2792;2147483736
6408;2823;2147483735
6440;2823;2147483734
6730;2948;2147483733
6739;2948;2147483732
6759;2948;2147483731
6815;2980;2147483730
6968;3042;2147483729
7060;3073;2147483728
7125;3105;2147483727
7460;3245;2147483726
7471;3245;2147483725
7659;3323;2147483724
7679;3323;2147483723
7731;3355;2147483722
7819;3386;2147483721
7904;3417;2147483720
7960;3448;2147483719
8110;3495;2147483718
8335;3589;2147483717
8374;3604;2147483716
8398;3620;2147483715
8408;3620;2147483714
8619;3698;2147483713
9009;3854;2147483712
9110;3901;2147483711
9208;3933;2147483710
9341;3995;2147483709
9772;4167;2147483708
9773;4167;2147483707
10139;4307;2147483706
10259;4354;2147483705
10297;4370;2147483704
10481;4448;2147483703
11054;4682;2147483702
11674;4932;2147483701
11722;4964;2147483700
11787;4979;2147483699
11882;5026;2147483698
11987;5073;2147483697
12077;5104;2147483696
12149;5135;2147483695
12283;5182;2147483694
12973;5463;2147483693
13113;5510;2147483692
13192;5542;2147483691
13768;5776;2147483690
14996;6291;2147483689
15406;6448;2147483688
15502;6494;2147483687
17270;7215;2147483686
17868;7450;2147483685
18608;7746;2147483684
18836;7840;2147483683
19255;8012;2147483682
19623;8168;2147483681
21130;8762;2147483680
21240;8809;2147483679
21861;9059;2147483678
22287;9230;2147483677
22292;9230;2147483676
23766;9824;2147483675
24146;9965;2147483674
25049;10340;2147483673
25094;10355;2147483672
26580;10949;2147483671
27198;11183;2147483670
31040;12761;2147483669
33220;13620;2147483668
33453;13729;2147483667
33787;13854;2147483666
33799;13870;2147483665
36228;14848;2147483664
37705;15441;2147483663
40124;16394;2147483662
41527;16972;2147483661
47209;19244;2147483660
49249;20072;2147483659
52320;21306;2147483658
54723;22259;2147483657
56254;22884;2147483656
58997;23977;2147483655
62244;25289;2147483654
66970;27179;2147483653
73136;29648;2147483652
83650;33922;2147483651
87109;35328;2147483650
167133;67588;2147483649
1580552;637523;97721
1580588;637538;97682
1580594;637538;97678
1580606;637538;97668
1580638;637554;97664
1580674;637569;97660
1580691;637585;97652
1580697;637585;97648
1580706;637585;97644
1580730;637601;97640
1580829;637632;97636
1580856;637648;97632
1580863;637648;97628
1580928;637679;97627
1581005;637710;97623
1581012;637710;97517
1581028;637710;97478
1581037;637710;97439
1581053;637726;97435
1581056;637726;97431
1581083;637741;97427
1581195;637782;97423
1581198;637782;97413
1581265;637813;97409
1581278;637813;97373
1581361;637860;97369
1581440;637889;97263
1581519;637920;97219
1581616;637967;97215
1581670;637982;97211
1581709;637998;97207
1581725;638014;97197
1581761;638029;97193
1581773;638029;97189
1581779;638029;97185
1581792;638029;97181
1581809;638045;97178
1581838;638045;97174
1581840;638045;97170
1581941;638092;97127
1581953;638092;97123
1582028;638123;97119
1582155;638170;97115
1582156;638170;97111
1582196;638201;97107
1582277;638232;96961
1582304;638232;96957
1582409;638279;96954
1582421;638279;96794
1582423;638279;96755
1582621;638357;96751
1582656;638373;96748
1582665;638389;96744
1582678;638389;96740
1582713;638404;96736
1582728;638404;96696
1582748;638420;96692
1582776;638420;96688
1582856;638451;96684
1582872;638467;96680
1582907;638482;96644
1582926;638482;96640
1582937;638482;96560
1583055;638545;96404
1583155;638576;96400
1583176;638592;96236
1583278;638623;96232
1583302;638639;96228
1583352;638654;96224
1583360;638654;96220
1583406;638670;96216
1583415;638685;96212
1583443;638685;96171
1583463;638701;96168
1583536;638732;96164
1583541;638732;96160
1583589;638748;96156
1583863;638857;96116
1583966;638904;96112
1584034;638935;95952
1584059;638935;95948
1584145;638982;95945
1584164;638982;95941
1584228;639013;95785
1584285;639029;95781
1584371;639060;95780
1584441;639092;95779
1584472;639107;95775
1584558;639138;95669
1584603;639154;95665
1584609;639170;95505
1584631;639170;95461
1584716;639201;95457
1584805;639248;95418
1584931;639295;95378
1584960;639310;95374
1584963;639310;95370
1585004;639326;95330
1585075;639357;95326
1585159;639388;95322
1585197;639404;95318
1585351;639467;95317
1585498;639513;95157
1585530;639529;95153
1585543;639529;95114
1585557;639545;94954
1585777;639638;94914
1585828;639654;94910
1585847;639670;94750
1585850;639670;94594
1585897;639685;94434
1586040;639732;94394
1586078;639748;94390
1586102;639763;94386
1586107;639763;94382
1586181;639795;94378
1586325;639857;94338
1586407;639888;94178
1586522;639935;94174
1586672;639998;94133
1586674;639998;93977
1586898;640076;93941
1587125;640169;93937
1587151;640185;93907
1587156;640185;93903
1587415;640294;93900
1587556;640341;93896
1587614;640373;93860
1587757;640435;93856
1587778;640435;93817
1588256;640623;93811
1588314;640654;93807
1588363;640669;93803
1588470;640716;93799
1588500;640732;93639
1588602;640779;93603
1588629;640779;93563
1588880;640888;93559
1589292;641060;93399
1589403;641107;93359
1589495;641138;93355
1589522;641154;93351
1589718;641232;93191
1589750;641247;93179
1589792;641263;93138
1590036;641357;93134
1590106;641388;93098
1590461;641544;93062
1590554;641575;93058
1590609;641591;93014
1590935;641716;92858
1591252;641857;92854
1591428;641919;92694
1591439;641935;92654
1591553;641982;92650
1591573;641982;92490
1591646;642013;92486
1591752;642060;92326
1591782;642075;92322
1592058;642185;92319
1592106;642200;92315
1592211;642247;92159
1592365;642310;92119
1592453;642341;92115
1592552;642388;92111
1592569;642388;92002
1592586;642388;91999
1592917;642528;91955
1592979;642560;91939
1593240;642669;91779
1593336;642700;91739
1593490;642763;91735
1593632;642825;91731
1593749;642872;91730
1593799;642903;91694
1593903;642934;91548
1593968;642966;91545
1594052;642997;91541
1594259;643091;91385
1594359;643122;91381
1594749;643278;91378
1594842;643325;91374
1594845;643325;91331
1595030;643403;91301
1595558;643622;91145
1595972;643778;91141
1596244;643903;90981
1596245;643903;90825
1596382;643950;90665
1596429;643965;90509
1596514;644012;90505
1596651;644059;90469
1597414;644372;90313
1597578;644434;90307
1597598;644450;90303
1597801;644528;90299
1597836;644543;90263
1597943;644590;90103
1598113;644668;90099
1598181;644684;90095
1598684;644887;90049
1598718;644903;89889
1598748;644918;89885
1598776;644934;89884
1598840;644965;89728
1599041;645043;89724
1599092;645059;89684
1599107;645059;89680
1599561;645246;89520
1599647;645278;89517
1599673;645293;89516
1599683;645293;89512
1599722;645309;89508
1600089;645465;89504
1600121;645481;89464
1600425;645590;89304
1600714;645715;89300
1600728;645715;89140
1600783;645746;89136
1601020;645840;89096
1601115;645871;89056
1601376;645981;88896
1601402;646000;88895
1601466;646016;88889
1601757;646141;88729
1602034;646250;88725
1602150;646312;88721
1602350;646390;88717
1603073;646672;88678
1603588;646890;88642
1604686;647328;88602
1604699;647328;88565
1604773;647359;88561
1605182;647531;88555
1605870;647796;88515
1606103;647890;88511
1606353;648000;88351
1606550;648078;88191
1606589;648078;88035
1607009;648249;87879
1607017;648265;87839
1607206;648343;87838
1607629;648499;87834
1608291;648765;87674
1608363;648791;87514
1608500;648854;87354
1608584;648885;87342
1608824;648979;87303
1609889;649416;87147
1611296;649994;87103
1611350;650010;87102
1611421;650041;87066
1611634;650119;87030
1611728;650166;86874
1611791;650213;86873
1612055;650322;86717
1612355;650447;86561
1613040;650729;86517
1614185;651197;86357
1614300;651244;86356
1614342;651260;86200
1614479;651322;86040
1614620;651369;86039
1615099;651572;86035
1615244;651619;86031
1615817;651853;85991
1615850;651869;85952
1616798;652259;85792
1617415;652509;85636
1618133;652791;85632
1618412;652916;85472
1618655;653009;85468
1619457;653337;85429
1620361;653712;85273
1621141;654025;85237
1622095;654415;85077
1622172;654446;85037
1622363;654525;84997
1622427;654556;84837
1622524;654603;84801
1622815;654728;84797
1623058;654815;84637
1623900;655174;84477
1624786;655533;84317
1625375;655783;84161
1625541;655846;84158
1625562;655846;84002
1626269;656158;83842
1626876;656408;83838
1626960;656439;83834
1627709;656752;83795
1627803;656783;83635
1628313;656986;83591
1628369;657017;83431
1628658;657127;83271
1629081;657314;83115
1629617;657533;83111
1629947;657673;82955
1630179;657751;82915
1630198;657767;82875
1630394;657845;82874
1630925;658064;82870
1631620;658345;82866
1631716;658376;82862
1632247;658595;82702
1632864;658845;82662
1633746;659204;82534
1634338;659454;82494
1634991;659720;82454
1635144;659782;82414
1635520;659923;82404
1635571;659954;82244
1635599;659954;82205
1636939;660516;82195
1636944;660516;82191
1637081;660563;82151
1637314;660657;81995
1637594;660782;81951
1638349;661079;81941
1639324;661485;81781
1641225;662250;81777
1641449;662344;81617
1643131;663031;81457
1643322;663110;81417
1643619;663219;81257
1644374;663531;81253
1644745;663688;81213
1645403;663953;81207
1645982;664219;81047
1646514;664437;81011
1647172;664687;81007
1647303;664750;80964
1648525;665281;80808
1648572;665297;80768
1648585;665297;80764
1649811;665815;80725
1651615;666565;80686
1652007;666721;80530
1653308;667252;80490
1654186;667612;80330
1654267;667643;80170
1655143;668002;80127
1655639;668205;79971
1656319;668487;79931
1656843;668709;79930
1657274;668881;79770
1657742;669069;79734
1658651;669444;79578
1659271;669694;79498
1659697;669866;79458
1660682;670272;79298
1660786;670319;79258
1661272;670522;79102
1661422;670584;79099
1662123;670865;79059
1662716;671100;78903
1663759;671521;78899
1664472;671818;78895
1665150;672085;78858
1666808;672772;78822
1668664;673522;78782
1669190;673731;78622
1669320;673794;78462
1669354;673809;78422
1669676;673934;78383
1671035;674497;78373
1671112;674528;78217
1671439;674653;78177
1671449;674669;78167
1671707;674762;78011
1671929;674872;78007
1674237;675809;78006
1675264;676246;78002
1675737;676434;77998
1676103;676590;77958
1678415;677543;77798
1679121;677840;77794
1680325;678324;77634
1680504;678402;77630
1680878;678558;77470
1681971;679011;77310
1682845;679371;77303
1685112;680290;77143
1685238;680353;76983
1685319;680384;76947
1685549;680478;76943
1686304;680774;76903
1686394;680821;76900
1686937;681040;76857
1687330;681196;76821
1687410;681227;76661
1687624;681321;76622
1687627;681321;76586
1690299;682415;76582
1691165;682777;76546
1691458;682902;76507
1692769;683418;76347
1692954;683496;76343
1693356;683668;76183
1695384;684496;76023
1696292;684871;75863
1696631;684995;75831
1699054;685992;75671
1699372;686133;75511
1699443;686148;75351
1700941;686773;75315
1702632;687460;75311
1702658;687476;75183
1702918;687585;75179
1703941;688007;75178
1704573;688257;75022
1705103;688476;74862
1705870;688788;74858
1707173;689319;74698
1710688;690772;74661
1710802;690819;74505
1711437;691085;74461
1714167;692194;74457
1715595;692795;74417
1718338;693920;74413
1719555;694404;74253
1720498;694794;74093
1720667;694873;73933
1720979;694997;73897
1722762;695732;73857
1723324;695966;73853
1724580;696466;73849
1724620;696497;73845
1725011;696653;73685
1725917;697013;73525
1730890;699065;73365
1731535;699331;73361
1731642;699377;73201
1731815;699440;73197
1731879;699471;73037
1734525;700565;73034
1734974;700752;72874
1736631;701424;72718
1736838;701518;72558
1742826;703970;72402
1744337;704595;72242
1749580;706764;72086
1751011;707357;71930
1753171;708248;71926
1753547;708404;71886
1754755;708904;71850
1755846;709357;71810
1757114;709888;71806
1758650;710513;71802
1758722;710544;71646
1759282;710778;71610
1761802;711809;71607
1764890;713075;71447
1765395;713278;71287
1766637;713793;71127
1768018;714356;71123
1768321;714481;71093
1768352;714496;70937
1771297;715715;70777
1773610;716668;70617
1775931;717605;70457
1778516;718683;70420
1778546;718699;70260
1781202;719782;70100
1782825;720454;69940
1784638;721203;69784
1785204;721438;69768
1785566;721578;69612
1787433;722344;69573
1789412;723156;69413
1789432;723156;69253
1789842;723328;69097
1790575;723640;69061
1793009;724625;68901
1793366;724765;68741
1794718;725328;68737
1794855;725390;68701
1794997;725437;68541
1796037;725859;68502
1796458;726046;68472
1797817;726593;68468
1801266;728007;68308
1805730;729854;68269
1808495;730994;68259
1809406;731369;68099
1809881;731572;67939
1810462;731807;67903
1812225;732543;67743
1818065;734937;67739
1819346;735468;67583
1821415;736329;67579
1824942;737782;67419
1828858;739391;67259
1829622;739704;67258
1833231;741188;67098
1833717;741391;66938
1841993;744773;66934
1843832;745523;66774
1844014;745585;66770
1844121;745632;66730
1844519;745804;66700
1845351;746148;66696
1849185;747726;66652
1850727;748366;66492
1854600;749976;66332
1858232;751475;66172
1860612;752459;66012
1861489;752819;65852
1865598;754498;65692
1868149;755560;65652
1869878;756265;65496
1872618;757406;65336
1874506;758187;65176
1876658;759064;65136
1879697;760313;64976
1892240;765484;64937
1895619;766882;64933
1897504;767663;64903
1912683;773927;64873
1918022;776125;64833
1918290;776250;64673
1924665;778888;64633
1925296;779138;64473
1930775;781387;64313
1950143;789302;64157
1954718;791176;63997
1957739;792426;63837
1959193;793004;63827
1959613;793176;63823
1979858;801490;63819
1984012;803198;63663
1988026;804839;63503
1990158;805731;63343
1990996;806075;63183
1997080;808574;63179
1999252;809465;63019
1999514;809574;63015
2702958;1091156;62985
2703621;1091421;62981
2710004;1094046;62975
2717493;1097107;62939
2720891;1098481;62903
2725815;1100481;62743
2736434;1104824;62583
2739367;1106026;62423
2740183;1106355;62263
2741678;1106970;62103
2745129;1108376;62063
2751984;1111188;61903
2755032;1112438;61747
2758950;1114047;61587
2772027;1119401;61547
2776112;1121057;61546
2776872;1121385;61386
2776895;1121385;61350
2780560;1122891;61190
2781521;1123282;61186
2782309;1123610;61182
2792017;1127597;61022
2804246;1132617;60862
2813929;1136604;60858
2819579;1138932;60698
2831579;1143896;60538
2836155;1145781;60378
2839117;1146999;60218
2848626;1150889;60058
2856858;1154279;59902
2857886;1154701;59742
2861738;1156284;59733
2862386;1156549;59573
2880689;1164063;59569
2885206;1165922;59565
2901942;1172791;59405
2903632;1173478;59368
2937204;1187253;59208
2946486;1191064;59204
2947324;1191392;59200
2960149;1196656;59040
2966080;1199096;59036
2968765;1200181;58880
2984837;1206805;58720
3001821;1213809;58560
3007190;1216012;58400
3009538;1216965;58364
3010899;1217527;58204
3018081;1220497;58044
3027431;1224327;57884
3035670;1227699;57724
3036977;1228230;57564
3045793;1231870;57527
3053239;1234932;57488
3053267;1234948;57332
3054559;1235479;57292
3058571;1237130;57132
3065604;1240020;56976
3088406;1249413;56816
3095356;1252272;56656
3100164;1254257;56496
3109606;1258142;56340
3113481;1259740;56180
3117363;1261364;56176
3124492;1264334;56016
3127036;1265381;56012
3137164;1269547;56009
3140574;1270938;55973
3182370;1288150;55813
3189822;1291212;55774
3191115;1291758;55614
3200853;1295766;55610
3214340;1301312;55450
3228788;1307270;55410
3251897;1316734;55374
3257159;1318890;55214
3266404;1322672;55178
3280412;1328417;55018
3286495;1330901;54974
3295867;1334737;54818
3341743;1353558;54782
3344978;1354886;54622
3357338;1359970;54586
3378455;1368641;54426
3388851;1372912;54266
3392356;1374350;54106
3403488;1378911;53946
3411291;1382160;53786
3451884;1398799;53782
3550357;1439136;53622
3554666;1440907;53582
3596445;1458076;53422
3613955;1465278;53262
3746723;1519726;53102
3756074;1523551;52942
3908791;1586202;52782
3914827;1588686;52622
3943778;1600551;52579
10382559;4192534;52568
10393895;4197188;52408
10513665;4246459;52248
10572480;4270635;52244
10611404;4286627;52240
10763544;4349199;52080
10798665;4363638;51920
10895817;4403699;51760
10986898;4441557;51600
11070119;4475849;51440
11115603;4494542;51280
11350582;4591150;51120
11410484;4615858;50964
11418914;4619311;50960
11478743;4643910;50800
30265046;12221242;50740
30445908;12295770;50580
30745042;12418349;50577
30782196;12433602;50541
#
# name: Hill Climbing RS
# algorithm_class: solver.HillClimbingWithRS
# instance: nbi-spr18
# seed: -2323224802943691991
# bestF: 50541
# DTF: 0
# cost: 50541
# startTime: 1773709960518
# totalTime: 14400006
# totalFEs: 35674589
# maxFEs: 9223372036854775807
# maxMilliSeconds: 14400000
# maxSeconds: 14400
#
<?xml version="1.0" encoding="UTF-8" standalone="no"?>
<solution author="ScholORs" cores="1" country="China and Malaysia" institution="Bejing/Hefei/Malaysia" name="nbi-spr18" runtime="14400" technique="hillclimbingwithrs">
    <class days="0100000" id="1" room="32" start="168" weeks="111111111111111"/>
    <class days="0100000" id="2" room="60" start="180" weeks="111111111111111"/>
    <class days="1000000" id="3" room="60" start="192" weeks="111111111111111"/>
    <class days="0000100" id="4" room="60" start="180" weeks="111111111111111"/>
    <class days="0001000" id="5" room="60" start="192" weeks="111111111111111"/>
    <class days="0001000" id="6" room="46" start="168" weeks="111111111111111"/>
    <class days="0000100" id="7" room="62" start="144" weeks="111111111111111"/>
    <class days="0000100" id="8" start="168" weeks="111111111111111"/>
    <class days="1000000" id="9" room="61" start="120" weeks="111111111111111"/>
    <class days="0000100" id="10" room="46" start="120" weeks="111111111111111"/>
    <class days="1000000" id="11" room="18" start="108" weeks="111111111111111"/>
    <class days="0001000" id="12" room="27" start="180" weeks="111111111111111"/>
    <class days="0000100" id="13" room="18" start="168" weeks="111111111111111"/>
    <class days="0010000" id="14" room="27" start="180" weeks="111111111111111"/>
    <class days="0010000" id="15" room="46" start="168" weeks="111111111111111"/>
    <class days="0000100" id="16" room="62" start="132" weeks="111111111111111"/>
    <class days="0000100" id="17" room="27" start="180" weeks="111111111111111"/>
    <class days="1000000" id="18" room="46" start="144" weeks="111111111111111"/>
    <class days="0001000" id="19" room="18" start="156" weeks="111111111111111"/>
    <class days="0100000" id="20" room="18" start="108" weeks="111111111111111"/>
    <class days="0010000" id="21" room="18" start="120" weeks="111111111111111"/>
    <class days="0010000" id="22" room="17" start="210" weeks="111111111111111"/>
    <class days="0100000" id="23" room="17" start="210" weeks="111111111111111"/>
    <class days="0000100" id="24" room="17" start="210" weeks="111111111111111"/>
    <class days="0001000" id="25" room="17" start="210" weeks="111111111111111"/>
    <class days="1000000" id="26" room="17" start="210" weeks="111111111111111"/>
    <class days="0100000" id="27" room="42" start="210" weeks="111111111111111"/>
    <class days="0001000" id="28" room="42" start="210" weeks="111111111111111"/>
    <class days="0000100" id="29" room="42" start="210" weeks="111111111111111"/>
    <class days="1000000" id="30" room="42" start="210" weeks="111111111111111"/>
    <class days="0010000" id="31" room="42" start="210" weeks="111111111111111"/>
    <class days="0001000" id="32" room="67" start="120" weeks="111111111111111"/>
    <class days="0100000" id="33" room="2" start="132" weeks="111111111111111"/>
    <class days="0000100" id="34" room="2" start="144" weeks="111111111111111"/>
    <class days="0001000" id="35" room="59" start="168" weeks="111111111111111"/>
    <class days="1000000" id="36" room="1" start="120" weeks="111111111111111"/>
    <class days="0010000" id="37" room="55" start="120" weeks="111111111111111"/>
    <class days="0100000" id="38" room="38" start="168" weeks="111111111111111"/>
    <class days="0000100" id="39" room="1" start="168" weeks="111111111111111"/>
    <class days="0001000" id="40" room="58" start="132" weeks="111111111111111"/>
    <class days="0100000" id="41" room="62" start="132" weeks="111111111111111"/>
    <class days="0001000" id="42" room="61" start="108" weeks="111111111111111"/>
    <class days="1000000" id="43" room="36" start="120" weeks="111111111111111"/>
    <class days="1000000" id="44" room="62" start="108" weeks="111111111111111"/>
    <class days="0100000" id="45" room="62" start="96" weeks="111111111111111"/>
    <class days="1000000" id="46" room="36" start="168" weeks="111111111111111"/>
    <class days="0000100" id="47" room="61" start="180" weeks="111111111111111"/>
    <class days="0001000" id="48" room="61" start="96" weeks="111111111111111"/>
    <class days="0001000" id="49" room="37" start="120" weeks="111111111111111"/>
    <class days="0001000" id="50" room="47" start="210" weeks="111111111111111"/>
    <class days="0010000" id="51" room="47" start="210" weeks="111111111111111"/>
    <class days="0100000" id="52" room="47" start="210" weeks="111111111111111"/>
    <class days="1000000" id="53" room="47" start="210" weeks="111111111111111"/>
    <class days="0010000" id="54" start="210" weeks="111111111111111"/>
    <class days="1000000" id="55" room="61" start="132" weeks="111111111111111"/>
    <class days="0000100" id="56" room="37" start="156" weeks="111111111111111"/>
    <class days="0100000" id="57" room="62" start="120" weeks="111111111111111"/>
    <class days="0010000" id="58" room="62" start="132" weeks="111111111111111"/>
    <class days="0001000" id="59" room="36" start="120" weeks="111111111111111"/>
    <class days="1000000" id="60" room="61" start="156" weeks="111111111111111"/>
    <class days="0100000" id="61" room="36" start="108" weeks="111111111111111"/>
    <class days="0100000" id="62" room="61" start="108" weeks="111111111111111"/>
    <class days="0100000" id="63" room="61" start="132" weeks="111111111111111"/>
    <class days="0001000" id="64" room="3" start="168" weeks="111111111111111"/>
    <class days="0001000" id="65" room="3" start="132" weeks="111111111111111"/>
    <class days="0001000" id="66" room="37" start="168" weeks="111111111111111"/>
    <class days="0100000" id="67" room="1" start="108" weeks="111111111111111"/>
    <class days="0010000" id="68" room="55" start="144" weeks="111111111111111"/>
    <class days="0010000" id="69" room="35" start="168" weeks="111111111111111"/>
    <class days="1000000" id="70" room="59" start="168" weeks="111111111111111"/>
    <class days="0010000" id="71" room="59" start="132" weeks="111111111111111"/>
    <class days="0100000" id="72" room="35" start="168" weeks="111111111111111"/>
    <class days="0100000" id="73" room="59" start="120" weeks="111111111111111"/>
    <class days="0010000" id="74" room="61" start="96" weeks="111111111111111"/>
    <class days="0010000" id="75" room="32" start="168" weeks="111111111111111"/>
    <class days="0100000" id="76" room="59" start="132" weeks="111111111111111"/>
    <class days="0001000" id="77" room="59" start="108" weeks="111111111111111"/>
    <class days="0010000" id="78" room="37" start="132" weeks="111111111111111"/>
    <class days="0100000" id="79" room="55" start="96" weeks="111111111111111"/>
    <class days="0100000" id="80" room="37" start="120" weeks="111111111111111"/>
    <class days="1000000" id="81" room="56" start="120" weeks="111111111111111"/>
    <class days="1000000" id="82" room="28" start="168" weeks="111111111111111"/>
    <class days="1000000" id="83" room="1" start="108" weeks="111111111111111"/>
    <class days="0100000" id="84" room="55" start="132" weeks="111111111111111"/>
    <class days="0000100" id="85" room="55" start="96" weeks="111111111111111"/>
    <class days="0010000" id="86" room="61" start="108" weeks="111111111111111"/>
    <class days="0100000" id="87" room="62" start="168" weeks="111111111111111"/>
    <class days="0100000" id="88" room="58" start="120" weeks="111111111111111"/>
    <class days="0000100" id="89" room="1" start="120" weeks="111111111111111"/>
    <class days="0100000" id="90" room="1" start="144" weeks="111111111111111"/>
    <class days="0010000" id="91" room="58" start="168" weeks="111111111111111"/>
    <class days="1000000" id="92" room="67" start="168" weeks="111111111111111"/>
    <class days="0010000" id="93" room="30" start="132" weeks="111111111111111"/>
    <class days="0001000" id="94" room="67" start="156" weeks="111111111111111"/>
    <class days="0001000" id="95" room="3" start="96" weeks="111111111111111"/>
    <class days="0000100" id="96" room="30" start="144" weeks="111111111111111"/>
    <class days="0001000" id="97" room="5" start="168" weeks="111111111111111"/>
    <class days="0100000" id="98" room="67" start="144" weeks="111111111111111"/>
    <class days="0010000" id="99" room="30" start="168" weeks="111111111111111"/>
    <class days="0100000" id="100" room="67" start="168" weeks="111111111111111"/>
    <class days="0001000" id="101" room="39" start="168" weeks="111111111111111"/>
    <class days="0000100" id="102" start="108" weeks="111111111111111"/>
    <class days="0000100" id="103" start="168" weeks="111111111111111"/>
    <class days="0001000" id="104" room="67" start="96" weeks="111111111111111"/>
    <class days="0001000" id="105" room="39" start="120" weeks="111111111111111"/>
    <class days="0010000" id="106" room="67" start="120" weeks="111111111111111"/>
    <class days="0010000" id="107" room="5" start="168" weeks="111111111111111"/>
    <class days="1000000" id="108" room="67" start="120" weeks="111111111111111"/>
    <class days="1000000" id="109" room="58" start="168" weeks="111111111111111"/>
    <class days="0000100" id="110" room="30" start="108" weeks="111111111111111"/>
    <class days="0000100" id="111" room="30" start="168" weeks="111111111111111"/>
    <class days="0000100" id="112" room="9" start="132" weeks="111111111111111"/>
    <class days="0000100" id="113" room="9" start="108" weeks="111111111111111"/>
    <class days="0100000" id="114" room="9" start="168" weeks="111111111111111"/>
    <class days="0001000" id="115" room="11" start="120" weeks="111111111111111"/>
    <class days="0000100" id="116" room="61" start="84" weeks="111111111111111"/>
    <class days="0001000" id="117" room="15" start="96" weeks="111111111111111"/>
    <class days="0001000" id="118" room="27" start="156" weeks="111111111111111"/>
    <class days="0000100" id="119" room="27" start="144" weeks="111111111111111"/>
    <class days="0100000" id="120" room="61" start="168" weeks="111111111111111"/>
    <class days="0001000" id="121" room="62" start="96" weeks="111111111111111"/>
    <class days="0010000" id="122" room="9" start="192" weeks="111111111111111"/>
    <class days="1000000" id="123" room="11" start="168" weeks="111111111111111"/>
    <class days="0001000" id="124" room="11" start="168" weeks="111111111111111"/>
    <class days="0001000" id="125" room="15" start="108" weeks="111111111111111"/>
    <class days="0100000" id="126" room="12" start="96" weeks="111111111111111"/>
    <class days="0100000" id="127" room="9" start="120" weeks="111111111111111"/>
    <class days="1000000" id="128" room="9" start="156" weeks="111111111111111"/>
    <class days="0000100" id="129" room="9" start="168" weeks="111111111111111"/>
    <class days="1000000" id="130" room="15" start="108" weeks="111111111111111"/>
    <class days="0010000" id="131" room="64" start="96" weeks="111111111111111"/>
    <class days="0100000" id="132" room="64" start="144" weeks="111111111111111"/>
    <class days="0010000" id="133" room="64" start="180" weeks="111111111111111"/>
    <class days="0001000" id="134" room="64" start="132" weeks="111111111111111"/>
    <class days="0000100" id="135" room="64" start="120" weeks="111111111111111"/>
    <class days="0010000" id="136" room="64" start="120" weeks="111111111111111"/>
    <class days="1000000" id="137" room="64" start="168" weeks="111111111111111"/>
    <class days="0001000" id="138" room="64" start="144" weeks="111111111111111"/>
    <class days="0001000" id="139" room="64" start="156" weeks="111111111111111"/>
    <class days="0100000" id="140" room="64" start="132" weeks="111111111111111"/>
    <class days="0001000" id="141" room="49" start="210" weeks="111111111111111"/>
    <class days="0100000" id="142" room="49" start="210" weeks="111111111111111"/>
    <class days="0000100" id="143" room="49" start="210" weeks="111111111111111"/>
    <class days="0010000" id="144" room="49" start="210" weeks="111111111111111"/>
    <class days="0100000" id="145" room="53" start="210" weeks="111111111111111"/>
    <class days="1000000" id="146" room="53" start="210" weeks="111111111111111"/>
    <class days="0000100" id="147" room="53" start="210" weeks="111111111111111"/>
    <class days="0001000" id="148" room="53" start="210" weeks="111111111111111"/>
    <class days="0000100" id="149" room="27" start="96" weeks="111111111111111"/>
    <class days="0001000" id="150" room="9" start="96" weeks="111111111111111"/>
    <class days="0000100" id="151" room="64" start="96" weeks="111111111111111"/>
    <class days="0010000" id="152" room="64" start="168" weeks="111111111111111"/>
    <class days="1000000" id="153" room="64" start="96" weeks="111111111111111"/>
    <class days="0001000" id="154" room="64" start="180" weeks="111111111111111"/>
    <class days="0000100" id="155" room="64" start="156" weeks="111111111111111"/>
    <class days="0010000" id="156" room="64" start="132" weeks="111111111111111"/>
    <class days="0100000" id="157" room="64" start="96" weeks="111111111111111"/>
    <class days="1000000" id="158" room="64" start="144" weeks="111111111111111"/>
    <class days="0100000" id="159" room="60" start="156" weeks="111111111111111"/>
    <class days="0010000" id="160" room="60" start="132" weeks="111111111111111"/>
    <class days="0100000" id="161" room="8" start="156" weeks="111111111111111"/>
    <class days="0001000" id="162" room="8" start="132" weeks="111111111111111"/>
    <class days="1000000" id="163" room="13" start="132" weeks="111111111111111"/>
    <class days="0001000" id="164" room="10" start="132" weeks="111111111111111"/>
    <class days="0000100" id="165" room="10" start="132" weeks="111111111111111"/>
    <class days="0001000" id="166" room="60" start="168" weeks="111111111111111"/>
    <class days="0010000" id="167" room="8" start="96" weeks="111111111111111"/>
    <class days="0000100" id="168" room="13" start="144" weeks="111111111111111"/>
    <class days="0001000" id="169" room="60" start="120" weeks="111111111111111"/>
    <class days="0010000" id="170" room="60" start="180" weeks="111111111111111"/>
    <class days="1000000" id="171" room="10" start="108" weeks="111111111111111"/>
    <class days="1000000" id="172" room="10" start="168" weeks="111111111111111"/>
    <class days="0010000" id="173" room="10" start="120" weeks="111111111111111"/>
    <class days="1000000" id="174" room="27" start="168" weeks="111111111111111"/>
    <class days="0001000" id="175" room="62" start="180" weeks="111111111111111"/>
    <class days="0010000" id="176" room="60" start="192" weeks="111111111111111"/>
    <class days="0010000" id="177" room="60" start="120" weeks="111111111111111"/>
    <class days="0000100" id="178" room="12" start="108" weeks="111111111111111"/>
    <class days="1000000" id="179" room="15" start="168" weeks="111111111111111"/>
    <class days="0100000" id="180" room="15" start="120" weeks="111111111111111"/>
    <class days="0010000" id="181" room="15" start="120" weeks="111111111111111"/>
    <class days="0100000" id="182" room="27" start="84" weeks="111111111111111"/>
    <class days="0010000" id="183" room="27" start="84" weeks="111111111111111"/>
    <class days="0100000" id="184" room="9" start="180" weeks="111111111111111"/>
    <class days="0100000" id="185" room="61" start="180" weeks="111111111111111"/>
    <class days="0010000" id="186" room="62" start="144" weeks="111111111111111"/>
    <class days="1000000" id="187" room="9" start="96" weeks="111111111111111"/>
    <class days="0010000" id="188" room="9" start="96" weeks="111111111111111"/>
    <class days="0010000" id="189" room="9" start="156" weeks="111111111111111"/>
    <class days="0010000" id="190" room="9" start="168" weeks="111111111111111"/>
    <class days="0001000" id="191" room="9" start="120" weeks="111111111111111"/>
    <class days="0100000" id="192" room="27" start="168" weeks="111111111111111"/>
    <class days="0100000" id="193" room="9" start="96" weeks="111111111111111"/>
    <class days="1000000" id="194" room="62" start="120" weeks="111111111111111"/>
    <class days="0001000" id="195" room="61" start="180" weeks="111111111111111"/>
    <class days="1000000" id="196" room="13" start="168" weeks="111111111111111"/>
    <class days="0001000" id="197" room="13" start="168" weeks="111111111111111"/>
    <class days="0100000" id="198" room="62" start="144" weeks="111111111111111"/>
    <class days="0100000" id="199" room="62" start="180" weeks="111111111111111"/>
    <class days="0000100" id="200" room="9" start="192" weeks="111111111111111"/>
    <class days="1000000" id="201" room="8" start="96" weeks="111111111111111"/>
    <class days="1000000" id="202" room="8" start="156" weeks="111111111111111"/>
    <class days="1000000" id="203" room="9" start="108" weeks="111111111111111"/>
    <class days="1000000" id="204" room="9" start="144" weeks="111111111111111"/>
    <class days="0010000" id="205" room="61" start="120" weeks="111111111111111"/>
    <class days="0001000" id="206" room="9" start="192" weeks="111111111111111"/>
    <class days="0010000" id="207" room="9" start="132" weeks="111111111111111"/>
    <class days="0001000" id="208" room="10" start="96" weeks="111111111111111"/>
    <class days="0001000" id="209" room="15" start="132" weeks="111111111111111"/>
    <class days="0010000" id="210" room="12" start="132" weeks="111111111111111"/>
    <class days="0100000" id="211" room="15" start="96" weeks="111111111111111"/>
    <class days="0001000" id="212" room="15" start="156" weeks="111111111111111"/>
    <class days="0001000" id="213" room="9" start="144" weeks="111111111111111"/>
    <class days="0100000" id="214" room="9" start="144" weeks="111111111111111"/>
    <class days="0010000" id="215" room="7" start="156" weeks="111111111111111"/>
    <class days="0100000" id="216" room="14" start="144" weeks="111111111111111"/>
    <class days="1000000" id="217" room="14" start="156" weeks="111111111111111"/>
    <class days="0010000" id="218" room="14" start="96" weeks="111111111111111"/>
    <class days="0100000" id="219" room="14" start="108" weeks="111111111111111"/>
    <class days="0001000" id="220" room="14" start="108" weeks="111111111111111"/>
    <class days="0010000" id="221" room="14" start="132" weeks="111111111111111"/>
    <class days="0001000" id="222" room="14" start="168" weeks="111111111111111"/>
    <class days="0000100" id="223" room="14" start="120" weeks="111111111111111"/>
    <class days="0000100" id="224" room="14" start="96" weeks="111111111111111"/>
    <class days="0100000" id="225" room="14" start="120" weeks="111111111111111"/>
    <class days="1000000" id="226" room="14" start="108" weeks="111111111111111"/>
    <class days="0001000" id="227" room="14" start="156" weeks="111111111111111"/>
    <class days="0010000" id="228" start="96" weeks="111111111111111"/>
    <class days="0100000" id="229" start="108" weeks="111111111111111"/>
    <class days="0010000" id="230" room="61" start="144" weeks="111111111111111"/>
    <class days="0001000" id="231" room="62" start="120" weeks="111111111111111"/>
    <class days="0000100" id="232" room="15" start="96" weeks="111111111111111"/>
    <class days="0100000" id="233" room="11" start="132" weeks="111111111111111"/>
    <class days="1000000" id="234" room="11" start="204" weeks="111111111111111"/>
    <class days="0000100" id="235" room="11" start="168" weeks="111111111111111"/>
    <class days="0010000" id="236" room="61" start="180" weeks="111111111111111"/>
    <class days="0000100" id="237" room="9" start="96" weeks="111111111111111"/>
    <class days="1000000" id="238" room="11" start="144" weeks="111111111111111"/>
    <class days="0100000" id="239" room="11" start="156" weeks="111111111111111"/>
    <class days="0000100" id="240" room="15" start="132" weeks="111111111111111"/>
    <class days="0010000" id="241" room="9" start="180" weeks="111111111111111"/>
    <class days="1000000" id="242" room="9" start="180" weeks="111111111111111"/>
    <class days="0001000" id="243" room="62" start="168" weeks="111111111111111"/>
    <class days="1000000" id="244" room="15" start="144" weeks="111111111111111"/>
    <class days="0001000" id="245" room="62" start="144" weeks="111111111111111"/>
    <class days="0100000" id="246" room="11" start="96" weeks="111111111111111"/>
    <class days="0000100" id="247" room="11" start="120" weeks="111111111111111"/>
    <class days="0000100" id="248" room="15" start="156" weeks="111111111111111"/>
    <class days="1000000" id="249" room="9" start="132" weeks="111111111111111"/>
    <class days="0010000" id="250" room="15" start="96" weeks="111111111111111"/>
    <class days="0100000" id="251" room="15" start="156" weeks="111111111111111"/>
    <class days="0010000" id="252" room="9" start="108" weeks="111111111111111"/>
    <class days="0010000" id="253" room="15" start="168" weeks="111111111111111"/>
    <class days="0001000" id="254" room="9" start="168" weeks="111111111111111"/>
    <class days="0000100" id="255" room="11" start="108" weeks="111111111111111"/>
    <class days="0100000" id="256" room="14" start="168" weeks="111111111111111"/>
    <class days="1000000" id="257" room="14" start="96" weeks="111111111111111"/>
    <class days="0000100" id="258" room="14" start="132" weeks="111111111111111"/>
    <class days="0100000" id="259" room="14" start="96" weeks="111111111111111"/>
    <class days="1000000" id="260" room="14" start="180" weeks="111111111111111"/>
    <class days="0010000" id="261" room="14" start="144" weeks="111111111111111"/>
    <class days="0000100" id="262" room="14" start="168" weeks="111111111111111"/>
    <class days="0001000" id="263" room="14" start="144" weeks="111111111111111"/>
    <class days="0010000" id="264" room="14" start="168" weeks="111111111111111"/>
    <class days="0001000" id="265" room="14" start="96" weeks="111111111111111"/>
    <class days="0010000" id="266" room="27" start="132" weeks="111111111111111"/>
    <class days="0100000" id="267" room="50" start="96" weeks="111111111111111"/>
    <class days="0001000" id="268" room="50" start="96" weeks="111111111111111"/>
    <class days="0010000" id="269" room="52" start="168" weeks="111111111111111"/>
    <class days="0100000" id="270" room="51" start="132" weeks="111111111111111"/>
    <class days="0001000" id="271" room="17" start="156" weeks="111111111111111"/>
    <class days="0000100" id="272" room="27" start="192" weeks="111111111111111"/>
    <class days="0100000" id="273" room="50" start="168" weeks="111111111111111"/>
    <class days="0010000" id="274" room="48" start="192" weeks="111111111111111"/>
    <class days="0001000" id="275" room="27" start="120" weeks="111111111111111"/>
    <class days="0000100" id="276" room="50" start="96" weeks="111111111111111"/>
    <class days="0001000" id="277" room="50" start="108" weeks="111111111111111"/>
    <class days="0010000" id="278" room="50" start="168" weeks="111111111111111"/>
    <class days="0010000" id="279" room="50" start="96" weeks="111111111111111"/>
    <class days="1000000" id="280" room="17" start="132" weeks="111111111111111"/>
    <class days="0100000" id="281" room="48" start="132" weeks="111111111111111"/>
    <class days="0001000" id="282" room="48" start="144" weeks="111111111111111"/>
    <class days="1000000" id="283" room="50" start="96" weeks="111111111111111"/>
    <class days="0000100" id="284" room="50" start="144" weeks="111111111111111"/>
    <class days="0000100" id="285" room="51" start="156" weeks="111111111111111"/>
    <class days="0010000" id="286" room="51" start="168" weeks="111111111111111"/>
    <class days="0001000" id="287" room="50" start="192" weeks="111111111111111"/>
    <class days="0001000" id="288" room="50" start="144" weeks="111111111111111"/>
    <class days="1000000" id="289" room="50" start="132" weeks="111111111111111"/>
    <class days="0100000" id="290" room="50" start="192" weeks="111111111111111"/>
    <class days="0000100" id="291" room="48" start="120" weeks="111111111111111"/>
    <class days="1000000" id="292" room="48" start="144" weeks="111111111111111"/>
    <class days="1000000" id="293" room="50" start="192" weeks="111111111111111"/>
    <class days="1000000" id="294" room="48" start="96" weeks="111111111111111"/>
    <class days="0010000" id="295" room="52" start="108" weeks="111111111111111"/>
    <class days="0001000" id="296" room="52" start="96" weeks="111111111111111"/>
    <class days="1000000" id="297" room="51" start="96" weeks="111111111111111"/>
    <class days="0010000" id="298" room="48" start="168" weeks="111111111111111"/>
    <class days="0010000" id="299" room="64" start="144" weeks="111111111111111"/>
    <class days="0100000" id="300" room="64" start="156" weeks="111111111111111"/>
    <class days="0010000" id="301" room="48" start="132" weeks="111111111111111"/>
    <class days="1000000" id="302" room="48" start="168" weeks="111111111111111"/>
    <class days="1000000" id="303" room="52" start="156" weeks="111111111111111"/>
    <class days="1000000" id="304" room="48" start="120" weeks="111111111111111"/>
    <class days="1000000" id="305" room="17" start="96" weeks="111111111111111"/>
    <class days="0100000" id="306" room="48" start="168" weeks="111111111111111"/>
    <class days="1000000" id="307" room="50" start="156" weeks="111111111111111"/>
    <class days="0010000" id="308" room="48" start="108" weeks="111111111111111"/>
    <class days="0001000" id="309" room="51" start="120" weeks="111111111111111"/>
    <class days="0001000" id="310" room="48" start="96" weeks="111111111111111"/>
    <class days="0001000" id="311" room="51" start="156" weeks="111111111111111"/>
    <class days="1000000" id="312" room="52" start="96" weeks="111111111111111"/>
    <class days="0100000" id="313" room="48" start="96" weeks="111111111111111"/>
    <class days="0000100" id="314" room="52" start="156" weeks="111111111111111"/>
    <class days="0100000" id="315" room="48" start="192" weeks="111111111111111"/>
    <class days="0000100" id="316" room="51" start="132" weeks="111111111111111"/>
    <class days="0000100" id="317" room="50" start="192" weeks="111111111111111"/>
    <class days="0100000" id="318" room="52" start="132" weeks="111111111111111"/>
    <class days="0010000" id="319" room="50" start="192" weeks="111111111111111"/>
    <class days="0001000" id="320" room="48" start="120" weeks="111111111111111"/>
    <class days="0000100" id="321" room="52" start="120" weeks="111111111111111"/>
    <class days="0010000" id="322" room="52" start="144" weeks="111111111111111"/>
    <class days="0010000" id="323" room="51" start="96" weeks="111111111111111"/>
    <class days="0000100" id="324" room="48" start="96" weeks="111111111111111"/>
    <class days="0000100" id="325" room="48" start="180" weeks="111111111111111"/>
    <class days="0000100" id="326" room="48" start="156" weeks="111111111111111"/>
    <class days="0100000" id="327" room="51" start="156" weeks="111111111111111"/>
    <class days="0010000" id="328" room="51" start="132" weeks="111111111111111"/>
    <class days="0100000" id="329" room="1" start="132" weeks="111111111111111"/>
    <class days="0000100" id="330" room="56" start="144" weeks="111111111111111"/>
    <class days="1000000" id="331" room="37" start="120" weeks="111111111111111"/>
    <class days="0100000" id="332" room="55" start="120" weeks="111111111111111"/>
    <class days="0001000" id="333" room="55" start="120" weeks="111111111111111"/>
    <class days="1000000" id="334" room="33" start="168" weeks="111111111111111"/>
    <class days="0000100" id="335" room="59" start="96" weeks="111111111111111"/>
    <class days="0001000" id="336" room="34" start="120" weeks="111111111111111"/>
    <class days="1000000" id="337" room="60" start="108" weeks="111111111111111"/>
    <class days="0001000" id="338" room="46" start="144" weeks="111111111111111"/>
    <class days="1000000" id="339" room="42" start="156" weeks="111111111111111"/>
    <class days="0001000" id="340" room="18" start="144" weeks="111111111111111"/>
    <class days="0010000" id="341" room="60" start="96" weeks="111111111111111"/>
    <class days="1000000" id="342" room="60" start="96" weeks="111111111111111"/>
    <class days="0010000" id="343" room="60" start="156" weeks="111111111111111"/>
    <class days="0001000" id="344" room="46" start="96" weeks="111111111111111"/>
    <class days="0100000" id="345" room="18" start="96" weeks="111111111111111"/>
    <class days="1000000" id="346" room="61" start="96" weeks="111111111111111"/>
    <class days="0100000" id="347" room="46" start="96" weeks="111111111111111"/>
    <class days="0001000" id="348" room="27" start="168" weeks="111111111111111"/>
    <class days="0100000" id="349" start="96" weeks="111111111111111"/>
    <class days="1000000" id="350" start="132" weeks="111111111111111"/>
    <class days="0000100" id="351" room="62" start="156" weeks="111111111111111"/>
    <class days="0010000" id="352" room="46" start="96" weeks="111111111111111"/>
    <class days="0001000" id="353" room="60" start="96" weeks="111111111111111"/>
    <class days="0000100" id="354" room="60" start="96" weeks="111111111111111"/>
    <class days="0000100" id="355" room="60" start="108" weeks="111111111111111"/>
    <class days="0001000" id="356" room="60" start="156" weeks="111111111111111"/>
    <class days="0000100" id="357" room="46" start="96" weeks="111111111111111"/>
    <class days="0010000" id="358" room="46" start="108" weeks="111111111111111"/>
    <class days="0000100" id="359" room="60" start="132" weeks="111111111111111"/>
    <class days="0010000" id="360" room="60" start="168" weeks="111111111111111"/>
    <class days="0000100" id="361" room="65" start="156" weeks="111111111111111"/>
    <class days="0100000" id="362" room="66" start="108" weeks="111111111111111"/>
    <class days="0100000" id="363" room="60" start="120" weeks="111111111111111"/>
    <class days="0001000" id="364" room="60" start="132" weeks="111111111111111"/>
    <class days="0000100" id="365" room="26" start="144" weeks="111111111111111"/>
    <class days="0001000" id="366" room="17" start="192" weeks="111111111111111"/>
    <class days="0001000" id="367" room="18" start="96" weeks="111111111111111"/>
    <class days="0010000" id="368" room="18" start="96" weeks="111111111111111"/>
    <class days="0010000" id="369" room="65" start="144" weeks="111111111111111"/>
    <class days="0001000" id="370" room="65" start="156" weeks="111111111111111"/>
    <class days="1000000" id="371" room="61" start="180" weeks="111111111111111"/>
    <class days="0010000" id="372" room="62" start="192" weeks="111111111111111"/>
    <class days="1000000" id="373" room="62" start="168" weeks="111111111111111"/>
    <class days="0100000" id="374" room="61" start="144" weeks="111111111111111"/>
    <class days="0010000" id="375" room="17" start="156" weeks="111111111111111"/>
    <class days="0001000" id="376" room="17" start="180" weeks="111111111111111"/>
    <class days="1000000" id="377" start="108" weeks="111111111111111"/>
    <class days="0100000" id="378" start="156" weeks="111111111111111"/>
    <class days="0000100" id="379" room="22" start="108" weeks="111111111111111"/>
    <class days="0010000" id="380" room="22" start="168" weeks="111111111111111"/>
    <class days="0001000" id="381" room="18" start="120" weeks="111111111111111"/>
    <class days="0100000" id="382" room="46" start="120" weeks="111111111111111"/>
    <class days="0010000" id="383" room="18" start="180" weeks="111111111111111"/>
    <class days="0100000" id="384" room="18" start="144" weeks="111111111111111"/>
    <class days="0100000" id="385" room="46" start="156" weeks="111111111111111"/>
    <class days="1000000" id="386" room="18" start="132" weeks="111111111111111"/>
    <class days="0010000" id="387" room="62" start="168" weeks="111111111111111"/>
    <class days="0001000" id="388" room="18" start="180" weeks="111111111111111"/>
    <class days="0010000" id="389" room="62" start="96" weeks="111111111111111"/>
    <class days="0100000" id="390" room="62" start="156" weeks="111111111111111"/>
    <class days="0100000" id="391" room="42" start="180" weeks="111111111111111"/>
    <class days="0001000" id="392" room="27" start="192" weeks="111111111111111"/>
    <class days="0000100" id="393" room="66" start="132" weeks="111111111111111"/>
    <class days="0001000" id="394" room="26" start="132" weeks="111111111111111"/>
    <class days="1000000" id="395" room="18" start="144" weeks="111111111111111"/>
    <class days="1000000" id="396" room="18" start="96" weeks="111111111111111"/>
    <class days="1000000" id="397" room="18" start="168" weeks="111111111111111"/>
    <class days="0000100" id="398" room="62" start="120" weeks="111111111111111"/>
    <class days="0010000" id="399" start="168" weeks="111111111111111"/>
    <class days="1000000" id="400" start="96" weeks="111111111111111"/>
    <class days="1000000" id="401" room="17" start="168" weeks="111111111111111"/>
    <class days="0001000" id="402" room="26" start="96" weeks="111111111111111"/>
    <class days="0010000" id="403" room="26" start="132" weeks="111111111111111"/>
    <class days="0000100" id="404" room="26" start="96" weeks="111111111111111"/>
    <class days="0001000" id="405" room="26" start="168" weeks="111111111111111"/>
    <class days="0100000" id="406" room="17" start="144" weeks="111111111111111"/>
    <class days="1000000" id="407" start="168" weeks="111111111111111"/>
    <class days="0000100" id="408" start="168" weeks="111111111111111"/>
    <class days="0001000" id="409" room="65" start="120" weeks="111111111111111"/>
    <class days="0100000" id="410" room="66" start="120" weeks="111111111111111"/>
    <class days="0000100" id="411" room="66" start="96" weeks="111111111111111"/>
    <class days="1000000" id="412" room="47" start="120" weeks="111111111111111"/>
    <class days="0010000" id="413" room="26" start="96" weeks="111111111111111"/>
    <class days="0001000" id="414" start="120" weeks="111111111111111"/>
    <class days="1000000" id="415" room="22" start="108" weeks="111111111111111"/>
    <class days="0100000" id="416" room="66" start="168" weeks="111111111111111"/>
    <class days="0010000" id="417" room="47" start="120" weeks="111111111111111"/>
    <class days="0100000" id="418" room="17" start="108" weeks="111111111111111"/>
    <class days="0000100" id="419" room="17" start="96" weeks="111111111111111"/>
    <class days="1000000" id="420" room="26" start="168" weeks="111111111111111"/>
    <class days="0001000" id="421" room="26" start="108" weeks="111111111111111"/>
    <class days="0000100" id="422" room="26" start="168" weeks="111111111111111"/>
    <class days="0100000" id="423" room="17" start="96" weeks="111111111111111"/>
    <class days="0100000" id="424" room="26" start="156" weeks="111111111111111"/>
    <class days="1000000" id="425" room="26" start="120" weeks="111111111111111"/>
    <class days="0000100" id="426" room="17" start="108" weeks="111111111111111"/>
    <class days="0001000" id="427" room="26" start="120" weeks="111111111111111"/>
    <class days="0100000" id="428" room="26" start="132" weeks="111111111111111"/>
    <class days="0100000" id="429" room="26" start="180" weeks="111111111111111"/>
    <class days="1000000" id="430" room="49" start="168" weeks="111111111111111"/>
    <class days="0001000" id="431" room="44" start="132" weeks="111111111111111"/>
    <class days="1000000" id="432" room="49" start="132" weeks="111111111111111"/>
    <class days="0100000" id="433" room="49" start="144" weeks="111111111111111"/>
    <class days="0000100" id="434" room="49" start="168" weeks="111111111111111"/>
    <class days="0100000" id="435" room="54" start="156" weeks="111111111111111"/>
    <class days="1000000" id="436" room="54" start="168" weeks="111111111111111"/>
    <class days="0000100" id="437" room="54" start="132" weeks="111111111111111"/>
    <class days="0100000" id="438" room="54" start="120" weeks="111111111111111"/>
    <class days="1000000" id="439" room="54" start="132" weeks="111111111111111"/>
    <class days="0001000" id="440" room="54" start="168" weeks="111111111111111"/>
    <class days="0001000" id="441" room="26" start="144" weeks="111111111111111"/>
    <class days="0001000" id="442" room="17" start="132" weeks="111111111111111"/>
    <class days="0001000" id="443" room="17" start="96" weeks="111111111111111"/>
    <class days="0010000" id="444" room="17" start="96" weeks="111111111111111"/>
    <class days="0010000" id="445" room="17" start="132" weeks="111111111111111"/>
    <class days="1000000" id="446" room="26" start="96" weeks="111111111111111"/>
    <class days="0000100" id="447" room="17" start="132" weeks="111111111111111"/>
    <class days="0100000" id="448" room="49" start="96" weeks="111111111111111"/>
    <class days="0000100" id="449" room="49" start="120" weeks="111111111111111"/>
    <class days="0000100" id="450" room="49" start="96" weeks="111111111111111"/>
    <class days="0100000" id="451" room="17" start="156" weeks="111111111111111"/>
    <class days="1000000" id="452" room="26" start="132" weeks="111111111111111"/>
    <class days="0010000" id="453" room="49" start="96" weeks="111111111111111"/>
    <class days="0001000" id="454" room="49" start="168" weeks="111111111111111"/>
    <class days="0010000" id="455" room="26" start="156" weeks="111111111111111"/>
    <class days="0100000" id="456" room="49" start="120" weeks="111111111111111"/>
    <class days="0001000" id="457" room="49" start="96" weeks="111111111111111"/>
    <class days="1000000" id="458" room="49" start="96" weeks="111111111111111"/>
    <class days="0010000" id="459" room="49" start="120" weeks="111111111111111"/>
    <class days="0001000" id="460" room="49" start="144" weeks="111111111111111"/>
    <class days="0001000" id="461" room="54" start="120" weeks="111111111111111"/>
    <class days="0010000" id="462" room="54" start="96" weeks="111111111111111"/>
    <class days="0000100" id="463" room="54" start="96" weeks="111111111111111"/>
    <class days="0010000" id="464" room="54" start="132" weeks="111111111111111"/>
    <class days="0000100" id="465" room="54" start="168" weeks="111111111111111"/>
    <class days="0100000" id="466" room="44" start="144" weeks="111111111111111"/>
    <class days="0000100" id="467" room="49" start="144" weeks="111111111111111"/>
    <class days="1000000" id="468" start="132" weeks="111111111111111"/>
    <class days="0010000" id="469" start="96" weeks="111111111111111"/>
    <class days="0000100" id="470" room="44" start="132" weeks="111111111111111"/>
    <class days="1000000" id="471" room="44" start="96" weeks="111111111111111"/>
    <class days="0001000" id="472" room="54" start="96" weeks="111111111111111"/>
    <class days="0010000" id="473" room="49" start="168" weeks="111111111111111"/>
    <class days="0100000" id="474" room="53" start="180" weeks="111111111111111"/>
    <class days="0100000" id="475" room="53" start="108" weeks="111111111111111"/>
    <class days="0001000" id="476" room="53" start="168" weeks="111111111111111"/>
    <class days="1000000" id="477" room="53" start="144" weeks="111111111111111"/>
    <class days="0001000" id="478" room="53" start="96" weeks="111111111111111"/>
    <class days="0000100" id="479" room="53" start="144" weeks="111111111111111"/>
    <class days="1000000" id="480" room="53" start="120" weeks="111111111111111"/>
    <class days="0100000" id="481" room="53" start="144" weeks="111111111111111"/>
    <class days="1000000" id="482" room="53" start="168" weeks="111111111111111"/>
    <class days="0010000" id="483" room="53" start="120" weeks="111111111111111"/>
    <class days="0000100" id="484" room="26" start="120" weeks="111111111111111"/>
    <class days="0000100" id="485" room="53" start="96" weeks="111111111111111"/>
    <class days="0001000" id="486" room="53" start="120" weeks="111111111111111"/>
    <class days="0000100" id="487" room="53" start="180" weeks="111111111111111"/>
    <class days="0000100" id="488" room="53" start="120" weeks="111111111111111"/>
    <class days="0001000" id="489" room="53" start="144" weeks="111111111111111"/>
    <class days="0010000" id="490" room="53" start="144" weeks="111111111111111"/>
    <class days="1000000" id="491" room="53" start="96" weeks="111111111111111"/>
    <class days="0010000" id="492" room="53" start="96" weeks="111111111111111"/>
    <class days="0010000" id="493" room="53" start="180" weeks="111111111111111"/>
    <class days="0100000" id="494" start="180" weeks="111111111111111"/>
    <class days="0100000" id="495" start="108" weeks="111111111111111"/>
    <class days="1000000" id="496" room="49" start="210" weeks="111111111111111"/>
    <class days="0000100" id="497" room="21" start="156" weeks="111111111111111"/>
    <class days="0000100" id="498" room="21" start="204" weeks="111111111111111"/>
    <class days="0010000" id="499" room="21" start="168" weeks="111111111111111"/>
    <class days="0000100" id="500" room="21" start="144" weeks="111111111111111"/>
    <class days="0000100" id="501" room="42" start="120" weeks="111111111111111"/>
    <class days="0001000" id="502" room="42" start="168" weeks="111111111111111"/>
    <class days="1000000" id="503" room="24" start="168" weeks="111111111111111"/>
    <class days="0010000" id="504" room="42" start="168" weeks="111111111111111"/>
    <class days="0010000" id="505" room="63" start="132" weeks="111111111111111"/>
    <class days="0001000" id="506" room="24" start="192" weeks="111111111111111"/>
    <class days="1000000" id="507" room="63" start="156" weeks="111111111111111"/>
    <class days="0100000" id="508" room="63" start="192" weeks="111111111111111"/>
    <class days="0000100" id="509" room="41" start="144" weeks="111111111111111"/>
    <class days="1000000" id="510" room="63" start="96" weeks="111111111111111"/>
    <class days="0010000" id="511" room="21" start="108" weeks="111111111111111"/>
    <class days="0001000" id="512" room="63" start="120" weeks="111111111111111"/>
    <class days="1000000" id="513" room="24" start="96" weeks="111111111111111"/>
    <class days="0100000" id="514" room="24" start="120" weeks="111111111111111"/>
    <class days="0000100" id="515" room="63" start="192" weeks="111111111111111"/>
    <class days="0100000" id="516" room="63" start="156" weeks="111111111111111"/>
    <class days="0001000" id="517" room="63" start="192" weeks="111111111111111"/>
    <class days="1000000" id="518" room="27" start="192" weeks="111111111111111"/>
    <class days="0010000" id="519" room="50" start="132" weeks="111111111111111"/>
    <class days="0000100" id="520" room="50" start="168" weeks="111111111111111"/>
    <class days="0100000" id="521" room="52" start="156" weeks="111111111111111"/>
    <class days="0001000" id="522" room="52" start="132" weeks="111111111111111"/>
    <class days="0000100" id="523" room="17" start="168" weeks="111111111111111"/>
    <class days="0000100" id="524" room="50" start="120" weeks="111111111111111"/>
    <class days="0010000" id="525" room="51" start="192" weeks="111111111111111"/>
    <class days="1000000" id="526" room="51" start="168" weeks="111111111111111"/>
    <class days="0100000" id="527" room="27" start="192" weeks="111111111111111"/>
    <class days="0001000" id="528" room="50" start="168" weeks="111111111111111"/>
    <class days="0100000" id="529" room="52" start="96" weeks="111111111111111"/>
    <class days="0100000" id="530" room="50" start="144" weeks="111111111111111"/>
    <class days="0100000" id="531" room="51" start="96" weeks="111111111111111"/>
    <class days="0100000" id="532" room="50" start="120" weeks="111111111111111"/>
    <class days="1000000" id="533" room="51" start="192" weeks="111111111111111"/>
    <class days="0001000" id="534" room="51" start="96" weeks="111111111111111"/>
    <class days="0000100" id="535" room="51" start="96" weeks="111111111111111"/>
    <class days="0000100" id="536" room="52" start="96" weeks="111111111111111"/>
    <class days="1000000" id="537" room="52" start="120" weeks="111111111111111"/>
    <class days="1000000" id="538" room="51" start="132" weeks="111111111111111"/>
    <class days="0001000" id="539" room="52" start="156" weeks="111111111111111"/>
    <class days="1000000" id="540" room="27" start="132" weeks="111111111111111"/>
    <class days="0100000" id="541" room="27" start="96" weeks="111111111111111"/>
    <class days="0010000" id="542" room="27" start="192" weeks="111111111111111"/>
    <class days="1000000" id="543" room="27" start="96" weeks="111111111111111"/>
    <class days="0100000" id="544" room="27" start="132" weeks="111111111111111"/>
    <class days="0000100" id="545" room="27" start="108" weeks="111111111111111"/>
    <class days="0010000" id="546" room="46" start="144" weeks="111111111111111"/>
    <class days="1000000" id="547" room="46" start="168" weeks="111111111111111"/>
    <class days="0001000" id="548" room="19" start="132" weeks="111111111111111"/>
    <class days="0010000" id="549" room="46" start="120" weeks="111111111111111"/>
    <class days="0001000" id="550" room="60" start="144" weeks="111111111111111"/>
    <class days="1000000" id="551" room="19" start="144" weeks="111111111111111"/>
    <class days="0001000" id="552" room="42" start="144" weeks="111111111111111"/>
    <class days="1000000" id="553" room="41" start="180" weeks="111111111111111"/>
    <class days="0100000" id="554" room="42" start="120" weeks="111111111111111"/>
    <class days="0000100" id="555" room="42" start="96" weeks="111111111111111"/>
    <class days="0000100" id="556" room="42" start="168" weeks="111111111111111"/>
    <class days="1000000" id="557" room="42" start="108" weeks="111111111111111"/>
    <class days="0001000" id="558" room="25" start="168" weeks="111111111111111"/>
    <class days="1000000" id="559" room="23" start="168" weeks="111111111111111"/>
    <class days="0100000" id="560" room="23" start="96" weeks="111111111111111"/>
    <class days="0000100" id="561" room="23" start="108" weeks="111111111111111"/>
    <class days="1000000" id="562" room="60" start="144" weeks="111111111111111"/>
    <class days="0100000" id="563" room="46" start="144" weeks="111111111111111"/>
    <class days="0010000" id="564" room="19" start="144" weeks="111111111111111"/>
    <class days="0000100" id="565" room="46" start="168" weeks="111111111111111"/>
    <class days="1000000" id="566" room="46" start="204" weeks="111111111111111"/>
    <class days="0010000" id="567" room="19" start="96" weeks="111111111111111"/>
    <class days="0100000" id="568" room="24" start="144" weeks="111111111111111"/>
    <class days="0010000" id="569" room="24" start="96" weeks="111111111111111"/>
    <class days="0001000" id="570" room="23" start="132" weeks="111111111111111"/>
    <class days="0100000" id="571" room="21" start="204" weeks="111111111111111"/>
    <class days="0100000" id="572" room="21" start="96" weeks="111111111111111"/>
    <class days="0010000" id="573" room="42" start="144" weeks="111111111111111"/>
    <class days="1000000" id="574" room="42" start="120" weeks="111111111111111"/>
    <class days="0100000" id="575" room="20" start="168" weeks="111111111111111"/>
    <class days="0000100" id="576" room="23" start="168" weeks="111111111111111"/>
    <class days="0010000" id="577" room="23" start="168" weeks="111111111111111"/>
    <class days="0100000" id="578" room="24" start="168" weeks="111111111111111"/>
    <class days="0001000" id="579" room="24" start="132" weeks="111111111111111"/>
    <class days="0010000" id="580" room="42" start="120" weeks="111111111111111"/>
    <class days="0000100" id="581" room="42" start="144" weeks="111111111111111"/>
    <class days="0010000" id="582" room="24" start="108" weeks="111111111111111"/>
    <class days="0001000" id="583" room="24" start="180" weeks="111111111111111"/>
    <class days="0001000" id="584" room="21" start="168" weeks="111111111111111"/>
    <class days="0100000" id="585" room="21" start="156" weeks="111111111111111"/>
    <class days="0100000" id="586" room="24" start="96" weeks="111111111111111"/>
    <class days="0100000" id="587" room="24" start="180" weeks="111111111111111"/>
    <class days="0000100" id="588" room="24" start="108" weeks="111111111111111"/>
    <class days="0000100" id="589" room="24" start="168" weeks="111111111111111"/>
    <class days="0001000" id="590" room="41" start="120" weeks="111111111111111"/>
    <class days="0010000" id="591" room="24" start="132" weeks="111111111111111"/>
    <class days="1000000" id="592" room="21" start="204" weeks="111111111111111"/>
    <class days="0010000" id="593" room="21" start="144" weeks="111111111111111"/>
    <class days="0010000" id="594" room="21" start="192" weeks="111111111111111"/>
    <class days="0000100" id="595" room="21" start="108" weeks="111111111111111"/>
    <class days="1000000" id="596" room="21" start="168" weeks="111111111111111"/>
    <class days="0001000" id="597" room="21" start="120" weeks="111111111111111"/>
    <class days="1000000" id="598" room="24" start="192" weeks="111111111111111"/>
    <class days="0000100" id="599" room="21" start="180" weeks="111111111111111"/>
    <class days="0001000" id="600" room="21" start="192" weeks="111111111111111"/>
    <class days="0001000" id="601" room="21" start="96" weeks="111111111111111"/>
    <class days="0010000" id="602" room="42" start="96" weeks="111111111111111"/>
    <class days="0010000" id="603" room="21" start="132" weeks="111111111111111"/>
    <class days="0100000" id="604" room="23" start="168" weeks="111111111111111"/>
    <class days="0010000" id="605" room="41" start="168" weeks="111111111111111"/>
    <class days="1000000" id="606" room="44" start="180" weeks="111111111111111"/>
    <class days="0100000" id="607" room="44" start="108" weeks="111111111111111"/>
    <class days="1000000" id="608" room="42" start="96" weeks="111111111111111"/>
    <class days="0010000" id="609" room="24" start="168" weeks="111111111111111"/>
    <class days="1000000" id="610" room="42" start="180" weeks="111111111111111"/>
    <class days="0001000" id="611" room="42" start="132" weeks="111111111111111"/>
    <class days="0000100" id="612" room="42" start="108" weeks="111111111111111"/>
    <class days="0100000" id="613" room="42" start="156" weeks="111111111111111"/>
    <class days="1000000" id="614" room="23" start="120" weeks="111111111111111"/>
    <class days="1000000" id="615" room="24" start="144" weeks="111111111111111"/>
    <class days="0001000" id="616" room="42" start="96" weeks="111111111111111"/>
    <class days="0001000" id="617" room="21" start="144" weeks="111111111111111"/>
    <class days="0001000" id="618" room="42" start="120" weeks="111111111111111"/>
    <class days="0000100" id="619" room="18" start="96" weeks="111111111111111"/>
    <class days="0001000" id="620" room="42" start="192" weeks="111111111111111"/>
    <class days="0100000" id="621" room="24" start="192" weeks="111111111111111"/>
    <class days="0000100" id="622" room="24" start="96" weeks="111111111111111"/>
    <class days="0001000" id="623" room="24" start="108" weeks="111111111111111"/>
    <class days="0001000" id="624" room="42" start="180" weeks="111111111111111"/>
    <class days="0001000" id="625" room="41" start="144" weeks="111111111111111"/>
    <class days="0000100" id="626" room="41" start="108" weeks="111111111111111"/>
    <class days="0010000" id="627" room="24" start="144" weeks="111111111111111"/>
    <class days="0000100" id="628" room="42" start="156" weeks="111111111111111"/>
    <class days="0100000" id="629" room="21" start="192" weeks="111111111111111"/>
    <class days="0001000" id="630" room="63" start="144" weeks="111111111111111"/>
    <class days="0001000" id="631" room="24" start="156" weeks="111111111111111"/>
    <class days="0000100" id="632" room="24" start="144" weeks="111111111111111"/>
    <class days="1000000" id="633" room="21" start="108" weeks="111111111111111"/>
    <class days="0100000" id="634" room="63" start="132" weeks="111111111111111"/>
    <class days="1000000" id="635" room="21" start="132" weeks="111111111111111"/>
    <class days="0010000" id="636" room="63" start="156" weeks="111111111111111"/>
    <class days="0010000" id="637" room="63" start="192" weeks="111111111111111"/>
    <class days="0001000" id="638" room="63" start="96" weeks="111111111111111"/>
    <class days="0100000" id="639" room="63" start="144" weeks="111111111111111"/>
    <class days="0100000" id="640" room="63" start="168" weeks="111111111111111"/>
    <class days="0000100" id="641" room="63" start="132" weeks="111111111111111"/>
    <class days="0001000" id="642" room="63" start="108" weeks="111111111111111"/>
    <class days="0010000" id="643" room="63" start="108" weeks="111111111111111"/>
    <class days="0010000" id="644" room="63" start="144" weeks="111111111111111"/>
    <class days="0010000" id="645" room="63" start="96" weeks="111111111111111"/>
    <class days="0000100" id="646" room="63" start="108" weeks="111111111111111"/>
    <class days="0000100" id="647" room="63" start="168" weeks="111111111111111"/>
    <class days="1000000" id="648" room="63" start="180" weeks="111111111111111"/>
    <class days="0100000" id="649" room="63" start="120" weeks="111111111111111"/>
    <class days="1000000" id="650" room="63" start="132" weeks="111111111111111"/>
    <class days="0001000" id="651" room="63" start="168" weeks="111111111111111"/>
    <class days="0000100" id="652" room="63" start="96" weeks="111111111111111"/>
    <class days="0100000" id="653" room="63" start="96" weeks="111111111111111"/>
    <class days="0001000" id="654" room="63" start="132" weeks="111111111111111"/>
    <class days="1000000" id="655" room="63" start="108" weeks="111111111111111"/>
    <class days="1000000" id="656" room="63" start="168" weeks="111111111111111"/>
    <class days="0001000" id="657" start="210" weeks="111111111111111"/>
    <class days="0010000" id="658" start="210" weeks="111111111111111"/>
    <class days="0100000" id="659" start="210" weeks="111111111111111"/>
    <class days="1000000" id="660" start="210" weeks="111111111111111"/>
    <class days="0010000" id="661" start="210" weeks="111111111111111"/>
    <class days="0100000" id="662" room="60" start="96" weeks="111111111111111"/>
    <class days="1000000" id="663" room="60" start="132" weeks="111111111111111"/>
    <class days="0001000" id="664" room="46" start="120" weeks="111111111111111"/>
    <class days="0000100" id="665" room="46" start="156" weeks="111111111111111"/>
    <class days="0001000" id="666" room="61" start="132" weeks="111111111111111"/>
    <class days="0000100" id="667" room="62" start="96" weeks="111111111111111"/>
    <class days="0010000" id="668" room="18" start="156" weeks="111111111111111"/>
    <class days="0000100" id="669" room="18" start="120" weeks="111111111111111"/>
    <class days="0000100" id="670" room="61" start="132" weeks="111111111111111"/>
    <class days="1000000" id="671" room="46" start="132" weeks="111111111111111"/>
    <class days="0000100" id="672" room="62" start="168" weeks="111111111111111"/>
    <class days="1000000" id="673" start="120" weeks="111111111111111"/>
    <class days="1000000" id="674" room="60" start="168" weeks="111111111111111"/>
    <class days="0100000" id="675" room="60" start="144" weeks="111111111111111"/>
    <class days="1000000" id="676" room="65" start="96" weeks="111111111111111"/>
    <class days="0010000" id="677" room="27" start="168" weeks="111111111111111"/>
    <class days="0100000" id="678" room="42" start="96" weeks="111111111111111"/>
    <class days="0010000" id="679" room="18" start="108" weeks="111111111111111"/>
    <class days="0001000" id="680" room="65" start="96" weeks="111111111111111"/>
    <class days="0000100" id="681" room="65" start="96" weeks="111111111111111"/>
    <class days="0001000" id="682" room="27" start="96" weeks="111111111111111"/>
    <class days="0100000" id="683" room="42" start="144" weeks="111111111111111"/>
    <class days="1000000" id="684" room="46" start="108" weeks="111111111111111"/>
    <class days="0100000" id="685" room="61" start="156" weeks="111111111111111"/>
    <class days="0000100" id="686" room="60" start="156" weeks="111111111111111"/>
    <class days="0001000" id="687" room="61" start="156" weeks="111111111111111"/>
    <class days="1000000" id="688" room="66" start="168" weeks="111111111111111"/>
    <class days="0000100" id="689" room="27" start="168" weeks="111111111111111"/>
    <class days="1000000" id="690" room="62" start="144" weeks="111111111111111"/>
    <class days="0100000" id="691" room="46" start="180" weeks="111111111111111"/>
    <class days="0000100" id="692" room="61" start="156" weeks="111111111111111"/>
    <class days="0100000" id="693" room="18" start="180" weeks="111111111111111"/>
    <class days="0000100" id="694" room="18" start="132" weeks="111111111111111"/>
    <class days="0100000" id="695" room="18" start="156" weeks="111111111111111"/>
    <class days="1000000" id="696" room="42" start="144" weeks="111111111111111"/>
    <class days="1000000" id="697" room="65" start="120" weeks="111111111111111"/>
    <class days="0100000" id="698" room="46" start="132" weeks="111111111111111"/>
    <class days="0010000" id="699" room="27" start="96" weeks="111111111111111"/>
    <class days="0100000" id="700" room="26" start="96" weeks="111111111111111"/>
    <class days="0010000" id="701" room="66" start="96" weeks="111111111111111"/>
    <class days="1000000" id="702" room="66" start="108" weeks="111111111111111"/>
    <class days="0001000" id="703" room="66" start="108" weeks="111111111111111"/>
    <class days="0010000" id="704" room="36" start="96" weeks="111111111111111"/>
    <class days="0001000" id="705" room="33" start="108" weeks="111111111111111"/>
    <class days="0010000" id="706" room="36" start="168" weeks="111111111111111"/>
    <class days="0001000" id="707" room="62" start="156" weeks="111111111111111"/>
    <class days="0001000" id="708" room="61" start="168" weeks="111111111111111"/>
    <class days="0000100" id="709" room="37" start="120" weeks="111111111111111"/>
    <class days="0010000" id="710" room="59" start="168" weeks="111111111111111"/>
    <class days="0100000" id="711" room="59" start="144" weeks="111111111111111"/>
    <class days="0001000" id="712" room="59" start="192" weeks="111111111111111"/>
    <class days="0001000" id="713" room="1" start="108" weeks="111111111111111"/>
    <class days="1000000" id="714" room="59" start="180" weeks="111111111111111"/>
    <class days="0010000" id="715" room="1" start="96" weeks="111111111111111"/>
    <class days="0001000" id="716" room="32" start="168" weeks="111111111111111"/>
    <class days="0100000" id="717" room="36" start="168" weeks="111111111111111"/>
    <class days="0100000" id="718" room="62" start="108" weeks="111111111111111"/>
    <class days="0000100" id="719" room="61" start="108" weeks="111111111111111"/>
    <class days="0000100" id="720" room="36" start="120" weeks="111111111111111"/>
    <class days="0000100" id="721" room="61" start="120" weeks="111111111111111"/>
    <class days="0100000" id="722" room="61" start="120" weeks="111111111111111"/>
    <class days="0010000" id="723" room="3" start="108" weeks="111111111111111"/>
    <class days="0000100" id="724" room="59" start="132" weeks="111111111111111"/>
    <class days="0001000" id="725" room="59" start="132" weeks="111111111111111"/>
    <class days="0000100" id="726" room="59" start="180" weeks="111111111111111"/>
    <class days="0100000" id="727" room="57" start="120" weeks="111111111111111"/>
    <class days="1000000" id="728" room="62" start="96" weeks="111111111111111"/>
    <class days="0100000" id="729" room="61" start="96" weeks="111111111111111"/>
    <class days="0000100" id="730" room="3" start="120" weeks="111111111111111"/>
    <class days="0001000" id="731" room="61" start="120" weeks="111111111111111"/>
    <class days="0010000" id="732" room="55" start="132" weeks="111111111111111"/>
    <class days="0000100" id="733" room="55" start="168" weeks="111111111111111"/>
    <class days="0100000" id="734" room="59" start="108" weeks="111111111111111"/>
    <class days="0000100" id="735" room="62" start="108" weeks="111111111111111"/>
    <class days="1000000" id="736" room="38" start="120" weeks="111111111111111"/>
    <class days="0000100" id="737" room="55" start="132" weeks="111111111111111"/>
    <class days="0000100" id="738" room="55" start="144" weeks="111111111111111"/>
    <class days="0100000" id="739" room="29" start="120" weeks="111111111111111"/>
    <class days="0001000" id="740" room="59" start="144" weeks="111111111111111"/>
    <class days="0010000" id="741" room="62" start="120" weeks="111111111111111"/>
    <class days="0010000" id="742" room="59" start="96" weeks="111111111111111"/>
    <class days="0001000" id="743" room="59" start="120" weeks="111111111111111"/>
    <class days="0010000" id="744" room="59" start="120" weeks="111111111111111"/>
    <class days="0010000" id="745" room="34" start="168" weeks="111111111111111"/>
    <class days="0001000" id="746" room="59" start="96" weeks="111111111111111"/>
    <class days="1000000" id="747" room="59" start="132" weeks="111111111111111"/>
    <class days="0001000" id="748" room="32" start="120" weeks="111111111111111"/>
    <class days="0100000" id="749" room="59" start="180" weeks="111111111111111"/>
    <class days="0100000" id="750" room="59" start="168" weeks="111111111111111"/>
    <class days="0001000" id="751" room="28" start="168" weeks="111111111111111"/>
    <class days="0100000" id="752" room="59" start="96" weeks="111111111111111"/>
    <class days="0010000" id="753" room="59" start="108" weeks="111111111111111"/>
    <class days="0000100" id="754" room="32" start="168" weeks="111111111111111"/>
    <class days="0010000" id="755" room="1" start="120" weeks="111111111111111"/>
    <class days="0000100" id="756" room="59" start="168" weeks="111111111111111"/>
    <class days="0001000" id="757" room="35" start="132" weeks="111111111111111"/>
    <class days="1000000" id="758" room="59" start="144" weeks="111111111111111"/>
    <class days="1000000" id="759" room="59" start="96" weeks="111111111111111"/>
    <class days="0010000" id="760" room="59" start="156" weeks="111111111111111"/>
    <class days="0010000" id="761" room="59" start="144" weeks="111111111111111"/>
    <class days="0001000" id="762" room="29" start="120" weeks="111111111111111"/>
    <class days="0100000" id="763" room="30" start="168" weeks="111111111111111"/>
    <class days="0001000" id="764" room="36" start="168" weeks="111111111111111"/>
    <class days="0010000" id="765" room="67" start="96" weeks="111111111111111"/>
    <class days="1000000" id="766" room="5" start="168" weeks="111111111111111"/>
    <class days="0000100" id="767" start="108" weeks="111111111111111"/>
    <class days="0000100" id="768" start="168" weeks="111111111111111"/>
    <class days="0100000" id="769" room="30" start="96" weeks="111111111111111"/>
    <class days="0100000" id="770" room="30" start="132" weeks="111111111111111"/>
    <class days="0001000" id="771" room="30" start="132" weeks="111111111111111"/>
    <class days="0001000" id="772" room="30" start="168" weeks="111111111111111"/>
    <class days="1000000" id="773" room="30" start="96" weeks="111111111111111"/>
    <class days="1000000" id="774" room="30" start="168" weeks="111111111111111"/>
    <class days="0010000" id="775" room="30" start="96" weeks="111111111111111"/>
    <class days="0010000" id="776" room="67" start="168" weeks="111111111111111"/>
    <class days="0001000" id="777" room="30" start="96" weeks="111111111111111"/>
    <class days="0001000" id="778" room="34" start="168" weeks="111111111111111"/>
    <class days="1000000" id="779" room="30" start="120" weeks="111111111111111"/>
    <class days="1000000" id="780" room="37" start="168" weeks="111111111111111"/>
    <class days="0000100" id="781" start="168" weeks="111111111111111"/>
    <class days="0000100" id="782" start="108" weeks="111111111111111"/>
</solution>
