fes;time;f
1;47;2147486398
8;62;2147486395
10;62;2147486394
31;94;2147486393
37;109;2147486392
40;109;2147486389
43;109;2147486388
48;125;2147486386
51;125;2147486384
54;125;2147486379
59;125;2147486377
66;140;2147486375
72;140;2147486373
80;156;2147486370
90;172;2147486366
95;172;2147486365
97;172;2147486364
103;172;2147486363
104;187;2147486361
110;187;2147486360
114;187;2147486359
115;187;2147486356
118;187;2147486355
120;203;2147486353
122;203;2147486351
125;203;2147486349
127;203;2147486347
133;203;2147486346
144;219;2147486343
148;219;2147486340
160;234;2147486339
165;250;2147486335
167;250;2147486334
179;254;2147486332
184;270;2147486331
189;270;2147486330
191;270;2147486329
192;270;2147486328
208;286;2147486327
212;286;2147486325
219;301;2147486323
223;301;2147486319
227;301;2147486289
230;301;2147486287
252;332;2147486285
255;332;2147486284
260;332;2147486282
267;348;2147486280
268;348;2147486279
270;348;2147486277
271;348;2147486276
279;348;2147486274
280;348;2147486273
283;364;2147486271
290;364;2147486270
293;364;2147486268
294;364;2147486267
313;379;2147486265
322;395;2147486264
323;395;2147486263
324;395;2147486262
325;395;2147486260
330;395;2147486258
337;410;2147486256
347;410;2147486255
349;426;2147486252
351;426;2147486249
370;442;2147485784
371;442;2147485782
372;442;2147485781
374;442;2147485779
378;442;2147485777
404;473;2147485776
412;473;2147485775
423;489;2147485774
425;489;2147485773
438;520;2147485770
440;520;2147485769
442;520;2147485645
444;520;2147485641
454;535;2147485639
456;535;2147485638
458;535;2147485637
463;535;2147485636
476;551;2147485635
488;567;2147485634
489;567;2147485633
494;567;2147485632
499;582;2147485630
502;582;2147485628
503;582;2147485627
504;582;2147485626
509;582;2147485624
533;614;2147485623
535;614;2147485622
540;614;2147485621
563;645;2147485620
566;645;2147485619
568;645;2147485614
579;660;2147485613
584;660;2147485611
591;676;2147485608
598;676;2147485606
602;692;2147485605
607;692;2147485604
614;692;2147485602
616;692;2147485600
626;707;2147485598
638;723;2147485597
650;723;2147485596
656;739;2147485594
679;754;2147485578
680;754;2147485577
681;754;2147485576
692;770;2147485575
694;770;2147485574
713;801;2147485573
723;801;2147485572
725;801;2147485571
735;817;2147485570
742;832;2147485569
749;832;2147485568
750;832;2147485567
753;832;2147485563
767;848;2147485561
790;879;2147485559
796;879;2147485558
806;895;2147485557
809;895;2147485555
817;895;2147485554
826;910;2147485553
833;910;2147485552
837;926;2147485551
847;926;2147485550
861;942;2147485549
867;957;2147485547
873;957;2147485546
875;957;2147485539
893;973;2147485538
905;988;2147485537
907;988;2147485535
913;988;2147485534
941;1020;2147485533
950;1035;2147485532
952;1035;2147485531
961;1035;2147485530
962;1035;2147485528
972;1051;2147485527
987;1067;2147485526
988;1067;2147485525
995;1067;2147485524
998;1082;2147485523
1009;1082;2147485522
1016;1098;2147485521
1032;1113;2147485520
1035;1113;2147485517
1044;1113;2147485516
1048;1129;2147485515
1054;1129;2147485514
1062;1129;2147485513
1063;1129;2147485512
1074;1145;2147485511
1081;1160;2147485135
1089;1160;2147485134
1101;1176;2147485133
1107;1176;2147485132
1109;1176;2147485131
1110;1176;2147485130
1128;1192;2147485129
1133;1207;2147485128
1137;1207;2147485127
1163;1223;2147485125
1165;1223;2147485123
1174;1238;2147485122
1176;1238;2147485120
1178;1238;2147485119
1181;1238;2147485118
1190;1254;2147485117
1193;1254;2147485115
1197;1254;2147485114
1222;1285;2147485113
1226;1285;2147485112
1229;1285;2147485111
1231;1285;2147485110
1248;1301;2147485109
1253;1301;2147485108
1267;1317;2147485107
1278;1332;2147485105
1286;1332;2147485104
1298;1348;2147485103
1311;1363;2147485102
1316;1363;2147485101
1345;1395;2147485100
1364;1410;2147485099
1366;1410;2147485098
1372;1410;2147485097
1403;1441;2147485096
1405;1441;2147485095
1421;1464;2147485094
1425;1464;2147485092
1429;1464;2147485091
1437;1480;2147485090
1442;1480;2147485089
1450;1480;2147485088
1461;1496;2147485087
1465;1496;2147485086
1485;1511;2147485058
1504;1543;2147485056
1509;1543;2147485055
1511;1543;2147485054
1517;1543;2147485053
1523;1558;2147485052
1531;1558;2147485051
1537;1574;2147485050
1544;1574;2147485049
1548;1574;2147485048
1564;1589;2147485047
1581;1605;2147485046
1611;1636;2147485045
1624;1652;2147485044
1637;1668;2147485043
1671;1699;2147485041
1676;1699;2147485040
1681;1699;2147485038
1733;1746;2147485037
1751;1761;2147485036
1767;1777;2147484838
1795;1808;2147484837
1797;1808;2147484836
1801;1808;2147484835
1805;1824;2147484834
1814;1824;2147484833
1845;1855;2147484832
1858;1871;2147484830
1874;1871;2147484829
1875;1886;2147484828
1882;1886;2147484826
1886;1886;2147484825
1922;1918;2147484824
1926;1918;2147484823
1959;1949;2147484821
2019;2011;2147484820
2021;2011;2147484819
2022;2011;2147484817
2041;2027;2147484816
2083;2074;2147484815
2100;2089;2147484814
2129;2121;2147484813
2159;2136;2147484812
2176;2152;2147484810
2262;2230;2147484809
2272;2246;2147484808
2280;2246;2147484807
2282;2261;2147484806
2285;2261;2147484805
2288;2261;2147484804
2316;2292;2147484803
2334;2308;2147484801
2363;2339;2147484800
2374;2339;2147484799
2387;2355;2147484798
2396;2371;2147484797
2399;2371;2147484796
2430;2402;2147484795
2435;2402;2147484794
2436;2402;2147484793
2447;2417;2147484592
2498;2464;2147484591
2523;2480;2147484590
2531;2496;2147484568
2534;2496;2147484566
2544;2511;2147484565
2548;2511;2147484564
2597;2558;2147484563
2716;2683;2147484562
2720;2683;2147484560
2729;2683;2147484559
2796;2761;2147484558
2817;2777;2147484557
2827;2792;2147484556
2836;2792;2147484555
2843;2792;2147484554
2863;2824;2147484553
2914;2870;2147484552
2916;2870;2147484551
2968;2917;2147484550
2969;2917;2147484549
2981;2933;2147484548
2985;2933;2147484547
2986;2933;2147484546
2997;2949;2147484545
3016;2964;2147484544
3022;2964;2147484543
3023;2964;2147484542
3050;2995;2147484541
3058;2995;2147484540
3066;3011;2147484539
3095;3027;2147484538
3130;3058;2147484537
3159;3089;2147484536
3174;3105;2147484535
3176;3105;2147484534
3210;3136;2147484533
3235;3167;2147484532
3277;3198;2147484530
3305;3230;2147484529
3325;3245;2147484528
3387;3308;2147484527
3392;3308;2147484526
3398;3323;2147484525
3453;3370;2147484524
3466;3386;2147484500
3476;3402;2147484499
3500;3417;2147484498
3521;3433;2147484497
3546;3464;2147484246
3624;3527;2147484245
3631;3542;2147484244
3633;3542;2147484243
3647;3558;2147484242
3656;3573;2147484241
3696;3605;2147484240
3742;3652;2147484238
3784;3683;2147484237
3806;3714;2147484236
3872;3776;2147484235
3897;3792;2147484234
3898;3792;2147484233
4174;4058;2147484232
4189;4073;2147484231
4214;4105;2147484230
4352;4230;2147484229
4410;4292;2147484228
4428;4308;2147484227
4453;4323;2147484226
4554;4433;2147484225
4558;4433;2147484224
4695;4558;2147484223
4709;4573;2147484222
4764;4620;2147484221
4801;4667;2147484220
4965;4823;2147484219
4997;4854;2147484218
5012;4870;2147484217
5053;4901;2147484216
5089;4948;2147484215
5279;5120;2147484214
5282;5120;2147484213
5356;5198;2147484211
5381;5214;2147484210
5400;5229;2147484209
5415;5245;2147484208
5457;5292;2147484207
5508;5339;2147484206
5523;5354;2147484205
5572;5401;2147484204
5598;5417;2147484203
5691;5510;2147484202
5707;5526;2147484201
5794;5604;2147484200
5831;5635;2147484199
5944;5745;2147484198
6031;5839;2147484197
6131;5932;2147484196
6160;5963;2147484195
6234;6026;2147484194
6239;6026;2147484193
6282;6073;2147484192
6318;6104;2147484191
6334;6120;2147484190
6365;6151;2147484189
6430;6213;2147484188
6452;6229;2147484187
6471;6260;2147484186
6502;6292;2147484185
6630;6417;2147484184
6650;6432;2147484183
6797;6573;2147483731
7079;6854;2147483730
7378;7135;2147483729
7483;7244;2147483728
7537;7291;2147483727
7549;7307;2147483726
7558;7323;2147483725
7873;7619;2147483724
7903;7651;2147483723
7986;7729;2147483722
8355;8104;2147483721
8497;8244;2147483720
8581;8322;2147483719
8692;8432;2147483718
8705;8447;2147483717
8820;8557;2147483716
8921;8650;2147483715
8933;8666;2147483714
9048;8791;2147483713
9132;8869;2147483712
9141;8885;2147483711
9238;8978;2147483710
9275;9010;2147483709
9278;9010;2147483708
9369;9103;2147483707
9555;9275;2147483706
9622;9353;2147483705
9972;9713;2147483704
10033;9759;2147483702
10110;9838;2147483701
10249;9978;2147483700
10938;10634;2147483699
11034;10728;2147483698
11141;10837;2147483697
11630;11322;2147483696
11968;11650;2147483695
11987;11665;2147483694
12291;11962;2147483693
12509;12181;2147483692
12585;12259;2147483691
12689;12353;2147483690
13226;12868;2147483689
13345;12993;2147483688
13449;13102;2147483687
13803;13431;2147483686
13860;13493;2147483685
14062;13680;2147483684
14275;13899;2147483683
14286;13899;2147483682
14789;14399;2147483681
14812;14430;2147483680
15248;14852;2147483679
16081;15664;2147483678
16266;15851;2147483677
16415;15992;2147483676
16993;16554;2147483675
17130;16679;2147483674
19171;18663;2147483673
19184;18679;2147483672
19214;18710;2147483671
21348;20803;2147483670
23170;22606;2147483669
23981;23387;2147483668
24493;23887;2147483667
28024;27308;2147483666
28096;27371;2147483665
28475;27746;2147483664
30063;29276;2147483663
30878;30057;2147483662
33879;32991;2147483661
39567;38490;2147483660
49087;47762;2147483659
51124;49715;2147483658
55212;53667;2147483657
55274;53729;2147483656
56510;54995;2147483655
57610;56057;2147483654
59477;57869;2147483653
80077;77882;2147483652
86484;84191;2147483651
104120;101422;2147483650
1067235;1040168;2147483649
1219409;1193553;54252
1219418;1193553;54248
1219457;1193600;54231
1219474;1193616;54221
1219480;1193631;54013
1219532;1193694;54009
1219564;1193725;53817
1219573;1193741;53799
1219612;1193787;53789
1219614;1193787;53788
1219619;1193787;53778
1219630;1193803;53774
1219634;1193803;53764
1219661;1193834;53754
1219694;1193866;53744
1219718;1193897;53714
1219725;1193912;53698
1219735;1193912;53694
1219744;1193928;53691
1219794;1193991;53687
1219819;1194006;53479
1219835;1194037;53435
1219838;1194037;53431
1219855;1194053;53430
1219905;1194100;53257
1219923;1194131;53070
1219925;1194131;53067
1219970;1194178;53057
1219973;1194178;53041
1219990;1194194;53040
1220042;1194256;53030
1220060;1194272;53020
1220066;1194287;53016
1220076;1194287;53006
1220080;1194303;53004
1220081;1194303;52924
1220093;1194319;52914
1220102;1194319;52910
1220116;1194334;52894
1220184;1194412;52890
1220197;1194428;52688
1220241;1194475;52681
1220274;1194522;52677
1220280;1194522;52675
1220281;1194522;52665
1220286;1194537;52655
1220294;1194537;52654
1220314;1194568;52650
1220316;1194568;52640
1220351;1194615;52630
1220375;1194631;52620
1220384;1194647;52413
1220422;1194693;52411
1220499;1194772;52395
1220521;1194803;52385
1220544;1194818;52177
1220552;1194834;52161
1220592;1194881;52157
1220611;1194897;52118
1220645;1194928;52102
1220653;1194943;52098
1220721;1195022;51906
1220724;1195022;51714
1220746;1195037;51674
1220806;1195100;51658
1220820;1195131;51654
1220860;1195178;51446
1220914;1195240;51442
1220925;1195240;51438
1220975;1195303;51402
1221015;1195350;51382
1221019;1195350;51342
1221075;1195412;51341
1221082;1195412;51340
1221098;1195443;51334
1221105;1195443;51329
1221135;1195475;51325
1221141;1195490;51315
1221199;1195553;51123
1221267;1195615;51122
1221320;1195678;51120
1221366;1195740;51104
1221392;1195771;51101
1221443;1195818;51065
1221447;1195818;51055
1221511;1195896;51053
1221526;1195912;51043
1221554;1195943;51039
1221588;1195974;50839
1221647;1196053;50823
1221654;1196053;50819
1221667;1196068;50809
1221672;1196068;50799
1221716;1196115;50795
1221934;1196365;50793
1222027;1196459;50601
1222032;1196474;50596
1222049;1196490;50580
1222095;1196537;50576
1222122;1196568;50535
1222131;1196568;50534
1222205;1196662;50513
1222208;1196662;50503
1222216;1196662;50500
1222221;1196677;50485
1222261;1196724;50283
1222267;1196724;50273
1222280;1196740;50081
1222296;1196755;49879
1222346;1196818;49876
1222388;1196865;49875
1222392;1196865;49865
1222405;1196880;49855
1222469;1196959;49839
1222489;1196974;49829
1222501;1196990;49819
1222519;1197005;49627
1222551;1197052;49623
1222588;1197084;49621
1222609;1197115;49619
1222645;1197162;49599
1222654;1197162;49589
1222670;1197177;49389
1222852;1197396;49387
1222947;1197505;49384
1223008;1197568;49192
1223043;1197615;49176
1223237;1197818;49173
1223240;1197833;49168
1223316;1197911;49152
1223395;1198005;49142
1223460;1198068;49132
1223465;1198083;49128
1223479;1198099;49118
1223629;1198271;49108
1223651;1198286;49104
1223663;1198302;48902
1223686;1198318;48886
1223780;1198427;48882
1223792;1198443;48877
1223889;1198552;48872
1224093;1198771;48870
1224109;1198802;48860
1224118;1198802;48844
1224124;1198818;48828
1224127;1198818;48824
1224137;1198833;48622
1224143;1198833;48586
1224182;1198880;48576
1224234;1198927;48573
1224310;1199021;48557
1224321;1199036;48555
1224425;1199146;48545
1224438;1199161;48544
1224590;1199333;48540
1224605;1199349;48536
1224640;1199396;48496
1224679;1199442;48304
1224732;1199489;48294
1224805;1199567;48290
1224904;1199677;48289
1224956;1199755;48285
1224998;1199802;48093
1225053;1199880;48077
1225058;1199880;48073
1225103;1199942;48063
1225111;1199958;48062
1225210;1200067;48058
1225353;1200223;48054
1225364;1200239;47891
1225408;1200286;47875
1225419;1200302;47673
1225565;1200458;47671
1225620;1200520;47667
1225823;1200739;47657
1225868;1200801;47641
1225879;1200801;47625
1225908;1200848;47622
1225919;1200848;47459
1225929;1200864;47458
1225956;1200895;47450
1225980;1200926;47434
1225987;1200926;47424
1226049;1201005;47408
1226074;1201036;47400
1226163;1201130;47384
1226203;1201176;47383
1226258;1201239;47373
1226344;1201333;47372
1226350;1201348;47371
1226383;1201379;47368
1226389;1201379;47328
1226487;1201504;47312
1226523;1201536;47296
1226637;1201676;47292
1226743;1201786;47284
1226899;1201973;47281
1226937;1202020;47279
1226980;1202067;47243
1227050;1202145;47233
1227121;1202223;47223
1227191;1202301;47213
1227194;1202301;47209
1227246;1202364;47201
1227270;1202379;47185
1227480;1202629;47183
1227493;1202645;47181
1227495;1202645;47180
1227692;1202863;47176
1227750;1202926;47173
1227926;1203129;47172
1227947;1203145;47156
1227951;1203145;47146
1227988;1203192;47140
1228015;1203223;47130
1228080;1203285;47122
1228120;1203332;47104
1228181;1203395;47101
1228208;1203426;47062
1228210;1203426;47058
1228286;1203520;47055
1228452;1203707;46863
1228498;1203754;46862
1228536;1203801;46846
1228545;1203801;46830
1228638;1203910;46828
1228716;1204004;46825
1228752;1204035;46815
1228780;1204066;46811
1228840;1204144;46806
1229002;1204316;46802
1229095;1204426;46610
1229139;1204472;46571
1229314;1204676;46561
1229355;1204722;46559
1229381;1204754;46543
1229407;1204785;46539
1229445;1204816;46537
1229462;1204847;46521
1229528;1204910;46517
1229741;1205144;46514
1229840;1205254;46322
1229901;1205332;46321
1229977;1205410;46318
1230064;1205519;46282
1230098;1205550;46245
1230107;1205566;46206
1230136;1205597;46167
1230148;1205597;46163
1230435;1205925;46149
1230507;1206003;46140
1230529;1206035;46137
1230602;1206113;46133
1230623;1206128;46125
1230907;1206441;46121
1230940;1206488;46081
1230951;1206503;46080
1231115;1206675;45888
1231140;1206706;45878
1231165;1206738;41958
1231186;1206753;41956
1231192;1206769;41761
1231207;1206784;41751
1231266;1206847;41672
1231299;1206878;41669
1231430;1207034;41477
1231475;1207081;41467
1231512;1207128;41451
1231612;1207237;41259
1231694;1207331;41250
1231698;1207331;41249
1231734;1207378;41233
1231824;1207472;41229
1231829;1207487;41214
1231849;1207503;41210
1231892;1207550;41204
1231970;1207644;41200
1232024;1207706;41018
1232122;1207815;41002
1232175;1207878;40986
1232180;1207894;40976
1232236;1207956;40784
1232240;1207956;40782
1232323;1208050;40772
1232387;1208112;40731
1232391;1208112;40721
1232484;1208222;40720
1232536;1208284;40704
1232559;1208300;40694
1232848;1208628;40678
1232973;1208768;40638
1233003;1208800;40637
1233116;1208925;40635
1233182;1209003;40630
1233201;1209018;40629
1233229;1209050;40628
1233358;1209190;40624
1233421;1209268;40620
1233460;1209299;40610
1233532;1209393;40600
1233555;1209409;40590
1233583;1209440;40574
1233605;1209471;40566
1233660;1209534;40374
1233695;1209581;40373
1233782;1209674;40372
1233825;1209721;40369
1233844;1209737;40366
1233924;1209831;40362
1233939;1209846;40170
1234009;1209924;40166
1234116;1210034;40165
1234447;1210409;40161
1234459;1210424;40158
1234515;1210487;40114
1234566;1210549;40110
1234587;1210580;40106
1234613;1210612;40101
1234672;1210674;40091
1234814;1210830;40090
1235213;1211268;40050
1235231;1211283;40014
1235392;1211471;39998
1235495;1211580;39988
1235507;1211596;39972
1235521;1211611;39932
1235529;1211627;39931
1235557;1211658;39921
1235584;1211690;39918
1235766;1211893;39908
1235791;1211924;39895
1236139;1212299;39879
1236150;1212314;39873
1236459;1212674;39863
1236618;1212846;39859
1236729;1212971;39857
1236738;1212971;39841
1236922;1213189;39797
1236991;1213267;39787
1237009;1213283;39595
1237056;1213330;39589
1237068;1213345;39588
1237115;1213408;39578
1237268;1213580;39576
1237272;1213580;39573
1237281;1213595;39371
1237318;1213627;39368
1237361;1213673;39364
1237478;1213814;39363
1237507;1213845;39359
1237532;1213877;39354
1237559;1213908;39344
1237710;1214064;39308
1237725;1214095;39304
1237807;1214173;39112
1237869;1214251;39108
1238186;1214611;39098
1238236;1214658;39061
1238547;1215001;38869
1238578;1215033;38644
1238802;1215282;38642
1239155;1215689;38626
1239157;1215689;38618
1239200;1215735;38578
1239679;1216251;38568
1239726;1216313;38360
1239750;1216329;38355
1239924;1216532;38337
1240177;1216813;38333
1240304;1216954;38141
1240313;1216954;38138
1240468;1217141;38137
1240666;1217344;37935
1240764;1217469;37743
1240799;1217501;37742
1241007;1217735;37732
1241040;1217766;37728
1241222;1217969;37712
1241349;1218110;37520
1241443;1218204;37515
1241536;1218313;37511
1241803;1218610;37319
1242123;1218954;37318
1242132;1218969;37308
1242221;1219063;37300
1242290;1219141;37284
1242350;1219219;37280
1242557;1219438;37088
1242597;1219485;37078
1242724;1219625;37074
1242770;1219672;37058
1242784;1219688;37028
1242802;1219703;36979
1242808;1219719;36969
1242809;1219719;36967
1242997;1219922;36962
1243023;1219953;36952
1243372;1220344;36947
1243422;1220391;36937
1243637;1220625;36921
1243764;1220766;36882
1243830;1220844;36866
1243914;1220937;36864
1244004;1221047;36848
1244083;1221140;36832
1244135;1221187;36831
1244215;1221281;36820
1244285;1221359;36628
1244631;1221750;36626
1244732;1221859;36586
1244796;1221922;36585
1244842;1221984;36569
1244923;1222062;36529
1244988;1222140;36527
1245179;1222343;36526
1245293;1222468;36524
1245339;1222531;36494
1245380;1222562;36492
1245423;1222609;36476
1246159;1223421;36474
1246211;1223484;36471
1246323;1223609;36470
1246440;1223749;34320
1246658;1223984;34304
1246799;1224140;34288
1247290;1224687;34285
1248240;1225749;34283
1248347;1225858;34267
1248641;1226186;34231
1248820;1226374;34221
1248930;1226499;34205
1249048;1226624;34189
1249396;1227014;34188
1249576;1227217;33996
1249608;1227248;33980
1249818;1227498;33970
1250514;1228264;33931
1250540;1228295;33921
1250730;1228498;33919
1250844;1228623;33918
1251076;1228889;33914
1251561;1229420;33911
1251927;1229842;33909
1252093;1230013;33908
1252234;1230185;33907
1252320;1230279;33707
1252736;1230748;33697
1253252;1231310;33687
1253297;1231357;33686
1253411;1231497;33670
1253439;1231529;33660
1253719;1231841;33468
1253921;1232060;33462
1254181;1232357;33461
1254233;1232403;33420
1254605;1232810;33384
1254747;1232966;33374
1254804;1233028;33370
1254901;1233153;33361
1255076;1233341;33360
1255228;1233513;33165
1255321;1233622;33164
1255510;1233825;33154
1255729;1234075;33144
1255831;1234184;32952
1255937;1234294;32944
1255988;1234356;32934
1256047;1234419;32933
1256060;1234434;32932
1256145;1234528;32931
1256267;1234669;32928
1256304;1234700;32912
1256580;1235012;32720
1256947;1235418;32719
1256979;1235450;32679
1257818;1236403;32678
1257950;1236559;32668
1257996;1236606;32667
1258249;1236887;32663
1258274;1236918;32658
1258703;1237402;32646
1258755;1237449;32642
1258757;1237465;32434
1258941;1237652;32393
1259271;1238035;32272
1259414;1238192;32262
1259594;1238395;32252
1259808;1238630;32248
1259919;1238755;32212
1260174;1239021;32196
1260180;1239036;32192
1260315;1239177;32176
1260431;1239318;31984
1260487;1239380;31974
1260747;1239677;31964
1261382;1240380;31961
1261433;1240442;31960
1261814;1240880;31950
1262481;1241614;31931
1262679;1241848;31921
1262908;1242098;31919
1263235;1242458;31915
1263492;1242739;31905
1263739;1243020;31904
1264461;1243832;31864
1264480;1243848;31859
1264686;1244082;31717
1264955;1244395;31676
1265343;1244816;31675
1265385;1244863;31665
1265633;1245144;31663
1265836;1245379;31660
1265846;1245379;31648
1266372;1245972;31632
1266478;1246097;31622
1267068;1246738;31602
1267222;1246925;31565
1267426;1247160;31563
1267833;1247613;31558
1268000;1247800;31554
1268075;1247878;31548
1268166;1247987;31547
1268247;1248066;31510
1268456;1248300;31500
1268852;1248753;31484
1269465;1249425;31466
1269875;1249878;31274
1269901;1249893;31273
1270551;1250643;31263
1270946;1251080;31224
1270987;1251127;31208
1271197;1251362;31205
1271323;1251502;31195
1271737;1251955;31194
1271798;1252018;31186
1271851;1252080;31170
1271903;1252143;31165
1272701;1253018;31161
1272795;1253127;31157
1272815;1253158;30965
1272830;1253174;30964
1273487;1253894;30962
1273805;1254253;30961
1273936;1254394;30941
1273942;1254409;30931
1274075;1254550;30926
1274903;1255472;30889
1276077;1256794;30879
1277376;1258235;30863
1277750;1258641;30860
1278394;1259344;30858
1279214;1260250;30818
1279883;1261000;30802
1279972;1261094;30786
1280039;1261172;30783
1280406;1261594;30781
1281009;1262265;30769
1281034;1262297;30768
1281284;1262578;30752
1281685;1263015;30712
1282020;1263390;30708
1282495;1263937;30704
1282651;1264109;30678
1283888;1265484;30662
1285809;1267608;30660
1286913;1268842;30656
1287212;1269170;30620
1287368;1269342;30618
1287521;1269514;30614
1289545;1271765;30604
1289799;1272046;30602
1290289;1272593;30592
1290861;1273249;30582
1293321;1276030;30581
1293861;1276623;30541
1294253;1277061;30539
1294376;1277201;30529
1294593;1277451;30519
1296276;1279310;30362
1297000;1280123;30359
1297900;1281122;30356
1299575;1282997;30354
1299589;1283013;30338
1300463;1283981;30337
1300747;1284294;30336
1301067;1284653;30335
1301934;1285637;30334
1302177;1285918;30332
1303800;1287715;30330
1305197;1289277;30326
1307954;1292323;30323
1308302;1292713;30321
1308969;1293463;30319
1309192;1293713;30318
1309303;1293823;30317
1309756;1294322;30313
1309887;1294463;30301
1310058;1294651;30261
1311212;1295947;30225
1312319;1297181;30033
1313102;1298040;30029
1315601;1300802;29990
1320145;1305879;29980
1323154;1309238;29979
1323686;1309831;29977
1324842;1311112;29975
1325396;1311737;29936
1328172;1314817;29926
1329927;1316770;29923
1331801;1318848;29913
1334402;1321800;29873
1334570;1321988;29870
1334660;1322081;29868
1336494;1324128;29866
1336737;1324409;29864
1337847;1325628;29862
1338050;1325846;29861
1341883;1330111;29851
1342959;1331314;29850
1344135;1332626;29725
1344357;1332860;29715
1347143;1335969;29714
1347358;1336203;29712
1348954;1337968;29709
1350024;1339156;29699
1353987;1343576;29694
1355501;1345248;29692
1358862;1348966;29682
1358883;1348981;29679
1359443;1349622;29673
1362436;1352918;29672
1365677;1356495;29669
1366806;1357761;29665
1368803;1359995;29649
1369530;1360807;29645
1371091;1362556;29642
1375031;1366962;29633
1377325;1369492;29613
1380301;1372820;29608
1381408;1374054;29606
1383924;1376834;29604
1391178;1384895;29601
1391371;1385114;29599
1392012;1385832;29596
1393294;1387269;29556
1401566;1396580;29554
1408415;1404203;29550
1414672;1411139;29548
1415560;1412107;29547
1415624;1412186;29545
1417100;1413841;29506
1421296;1418497;29503
1430017;1428186;24101
1435562;1434403;24099
1437822;1436901;24060
1448956;1449215;24058
1449756;1450106;24055
1451221;1451746;24053
1458725;1460065;24051
1467301;1469598;24041
1468718;1471176;24040
1474296;1477378;24038
1478061;1481533;24036
1483424;1487485;24026
1487123;1491593;24024
1488353;1492952;24015
1489494;1494218;24013
1502359;1508501;23973
1505312;1511766;23937
1505485;1511953;23935
1506319;1512875;23930
1508424;1515203;23929
1509305;1516202;23927
1513755;1521170;23917
1514845;1522404;23915
1515957;1523638;23911
1517021;1524841;23901
1523151;1531621;23889
1524580;1533198;23879
1526847;1535714;23871
1530780;1540088;23868
1532674;1542181;23858
1541325;1551772;23848
1550120;1561551;23838
1554403;1566332;23836
1560013;1572580;23834
1563766;1576735;23829
1573132;1587139;23819
1581916;1596887;23815
1599144;1616242;23813
1602769;1620290;23773
1604870;1622602;23772
1613510;1632201;23736
1614283;1633088;23733
1627488;1647787;23732
1644275;1666439;23731
1649897;1672672;23728
1650649;1673516;23724
1684615;1711209;23684
1687969;1714927;23674
1692000;1719363;23671
1695112;1722769;23670
1701653;1730064;23660
1726895;1758075;23658
1737126;1769494;23656
1743932;1777102;23652
1799170;1838350;23642
1800829;1840193;23639
1844081;1888258;23637
1851952;1897053;23636
1927072;1980556;23635
1935284;1989679;23634
1970707;2029165;23554
#
# name: Hill Climbing RS
# algorithm_class: solver.HillClimbingWithRS
# instance: mary-spr17
# seed: 2755994284176865898
# bestF: 23554
# DTF: 0
# cost: 23554
# startTime: 1773431700483
# totalTime: 14400008
# totalFEs: 14411515
# maxFEs: 9223372036854775807
# maxMilliSeconds: 14400000
# maxSeconds: 14400
#
<?xml version="1.0" encoding="UTF-8" standalone="no"?>
<solution author="ScholORs" cores="1" country="China and Malaysia" institution="Bejing/Hefei/Malaysia" name="mary-spr17" runtime="14400" technique="hillclimbingwithrs">
    <class days="0101000" id="1" room="3" start="114" weeks="1111111101111111"/>
    <class days="0101000" id="2" room="5" start="150" weeks="1111111101111111"/>
    <class days="0101000" id="3" room="16" start="132" weeks="1111111101111111"/>
    <class days="1010000" id="4" room="10" start="150" weeks="1111111101111111"/>
    <class days="0100000" id="5" room="12" start="216" weeks="1111111100000000"/>
    <class days="0010100" id="6" room="24" start="114" weeks="1111111101111111"/>
    <class days="1010000" id="7" room="24" start="168" weeks="1111111101111111"/>
    <class days="0010100" id="8" room="24" start="132" weeks="1111111101111111"/>
    <class days="0010000" id="9" room="24" start="216" weeks="0000000011111111"/>
    <class days="1000000" id="10" room="24" start="216" weeks="1111111100000000"/>
    <class days="0010000" id="11" room="9" start="216" weeks="0000000011111111"/>
    <class days="0101000" id="12" room="5" start="96" weeks="1111111101111111"/>
    <class days="0101000" id="13" room="5" start="132" weeks="1111111101111111"/>
    <class days="0010000" id="14" room="16" start="216" weeks="1111111100000000"/>
    <class days="1010000" id="15" room="9" start="150" weeks="1111111101111111"/>
    <class days="1010100" id="16" room="31" start="96" weeks="1111111101111111"/>
    <class days="1000000" id="17" room="9" start="216" weeks="0000000011111111"/>
    <class days="0001000" id="18" room="32" start="216" weeks="0000000011111111"/>
    <class days="1000000" id="19" room="24" start="216" weeks="0000000011111111"/>
    <class days="0100000" id="20" room="3" start="216" weeks="1111111100000000"/>
    <class days="0010000" id="21" room="25" start="216" weeks="1111111101111111"/>
    <class days="1000000" id="22" room="25" start="216" weeks="1111111101111111"/>
    <class days="1000000" id="23" room="26" start="216" weeks="1111111101111111"/>
    <class days="0101000" id="24" room="16" start="96" weeks="1111111101111111"/>
    <class days="1010000" id="25" room="26" start="150" weeks="1111111101111111"/>
    <class days="0010100" id="26" room="32" start="96" weeks="1111111101111111"/>
    <class days="0101000" id="27" room="32" start="132" weeks="1111111101111111"/>
    <class days="0001000" id="28" room="6" start="96" weeks="1111111101111111"/>
    <class days="1010000" id="29" room="10" start="114" weeks="1111111101111111"/>
    <class days="0001000" id="30" room="13" start="216" weeks="1111111101111111"/>
    <class days="0101000" id="31" room="7" start="132" weeks="1111111101111111"/>
    <class days="0101000" id="32" room="10" start="168" weeks="1111111101111111"/>
    <class days="0101000" id="33" room="10" start="96" weeks="1111111101111111"/>
    <class days="0000100" id="34" room="9" start="168" weeks="1111111101110111"/>
    <class days="0000100" id="35" room="28" start="96" weeks="1111111101110111"/>
    <class days="1000000" id="36" room="28" start="216" weeks="1010101010101010"/>
    <class days="1010000" id="37" room="28" start="114" weeks="1111111101111111"/>
    <class days="0101000" id="38" room="27" start="114" weeks="1111111101111111"/>
    <class days="0101000" id="39" room="3" start="150" weeks="1111111101111111"/>
    <class days="1010000" id="40" room="27" start="150" weeks="1111111101111111"/>
    <class days="1010000" id="41" room="40" start="216" weeks="1111111101111111"/>
    <class days="1010000" id="42" room="4" start="216" weeks="1111111101111111"/>
    <class days="0101000" id="43" room="16" start="150" weeks="1111111101111111"/>
    <class days="1010000" id="44" room="52" start="150" weeks="1111111101111111"/>
    <class days="1010000" id="45" room="52" start="96" weeks="1111111101111111"/>
    <class days="0000010" id="46" room="56" start="108" weeks="1111111101110111"/>
    <class days="0000010" id="47" room="51" start="150" weeks="1111111101110111"/>
    <class days="0000010" id="48" room="60" start="108" weeks="1111111101110111"/>
    <class days="0000010" id="49" room="52" start="150" weeks="1111111101110111"/>
    <class days="0000001" id="50" room="52" start="150" weeks="1111111101110111"/>
    <class days="0000010" id="51" room="52" start="108" weeks="1111111101110111"/>
    <class days="0000010" id="52" room="60" start="150" weeks="1111111101110111"/>
    <class days="0000010" id="53" room="51" start="108" weeks="1111111101110111"/>
    <class days="0000001" id="54" room="60" start="150" weeks="1111111101110111"/>
    <class days="0010000" id="55" room="51" start="216" weeks="1111111101111111"/>
    <class days="0100000" id="56" room="56" start="216" weeks="1111111101111111"/>
    <class days="0010000" id="57" room="60" start="216" weeks="1111111101111111"/>
    <class days="0000001" id="58" room="60" start="108" weeks="1111111101110111"/>
    <class days="1000000" id="59" room="51" start="216" weeks="1111111101111111"/>
    <class days="0000001" id="60" room="52" start="108" weeks="1111111101110111"/>
    <class days="0101000" id="61" room="60" start="168" weeks="1111111101111111"/>
    <class days="1010000" id="62" room="56" start="114" weeks="1111111101111111"/>
    <class days="0101000" id="63" room="60" start="114" weeks="1111111101111111"/>
    <class days="0101000" id="64" room="52" start="168" weeks="1111111101111111"/>
    <class days="0101000" id="65" room="56" start="114" weeks="1111111101111111"/>
    <class days="1010000" id="66" room="51" start="114" weeks="1111111101111111"/>
    <class days="0101000" id="67" room="52" start="216" weeks="1111111101111111"/>
    <class days="0101000" id="68" room="51" start="216" weeks="1111111101111111"/>
    <class days="0101000" id="69" room="51" start="168" weeks="1111111101111111"/>
    <class days="0101000" id="70" room="52" start="114" weeks="1111111101111111"/>
    <class days="1010000" id="71" room="51" start="168" weeks="1111111101111111"/>
    <class days="1010000" id="72" room="60" start="114" weeks="1111111101111111"/>
    <class days="1010000" id="73" room="60" start="168" weeks="1111111101111111"/>
    <class days="0101000" id="74" room="60" start="216" weeks="1111111101111111"/>
    <class days="0000100" id="75" room="51" start="108" weeks="1111111101110111"/>
    <class days="1000000" id="76" room="58" start="216" weeks="1111111101111111"/>
    <class days="0000001" id="77" room="58" start="150" weeks="1111111101110111"/>
    <class days="0000010" id="78" room="53" start="150" weeks="1111111101110111"/>
    <class days="1000000" id="79" room="53" start="216" weeks="1111111101111111"/>
    <class days="0000001" id="80" room="53" start="150" weeks="1111111101110111"/>
    <class days="0010000" id="81" room="54" start="216" weeks="1111111101111111"/>
    <class days="0000010" id="82" room="54" start="150" weeks="1111111101110111"/>
    <class days="0000001" id="83" room="58" start="108" weeks="1111111101110111"/>
    <class days="0000001" id="84" room="53" start="108" weeks="1111111101110111"/>
    <class days="0010000" id="85" room="53" start="216" weeks="1111111101111111"/>
    <class days="0010000" id="86" room="58" start="216" weeks="1111111101111111"/>
    <class days="0000010" id="87" room="58" start="108" weeks="1111111101110111"/>
    <class days="0000010" id="88" room="53" start="108" weeks="1111111101110111"/>
    <class days="1000000" id="89" room="54" start="216" weeks="1111111101111111"/>
    <class days="0101000" id="90" room="59" start="114" weeks="1111111101111111"/>
    <class days="1010000" id="91" room="59" start="168" weeks="1111111101111111"/>
    <class days="1010000" id="92" room="58" start="168" weeks="1111111101111111"/>
    <class days="1010000" id="93" room="58" start="114" weeks="1111111101111111"/>
    <class days="0101000" id="94" room="58" start="114" weeks="1111111101111111"/>
    <class days="0101000" id="95" room="58" start="168" weeks="1111111101111111"/>
    <class days="0101000" id="96" room="44" start="150" weeks="1111111101111111"/>
    <class days="1010000" id="97" room="54" start="168" weeks="1111111101111111"/>
    <class days="0101000" id="98" room="54" start="114" weeks="1111111101111111"/>
    <class days="0101000" id="99" room="54" start="168" weeks="1111111101111111"/>
    <class days="1010000" id="100" room="54" start="114" weeks="1111111101111111"/>
    <class days="1010000" id="101" room="53" start="114" weeks="1111111101111111"/>
    <class days="0101000" id="102" room="53" start="114" weeks="1111111101111111"/>
    <class days="0101000" id="103" room="58" start="216" weeks="1111111101111111"/>
    <class days="0000001" id="104" room="51" start="150" weeks="1111111101110111"/>
    <class days="1000000" id="105" room="60" start="216" weeks="1111111101111111"/>
    <class days="0000001" id="106" room="51" start="108" weeks="1111111101110111"/>
    <class days="1010000" id="107" room="52" start="168" weeks="1111111101111111"/>
    <class days="1010000" id="108" room="52" start="216" weeks="1111111101111111"/>
    <class days="0000001" id="109" room="56" start="150" weeks="1111111101110111"/>
    <class days="0000001" id="110" room="56" start="108" weeks="1111111101110111"/>
    <class days="0000010" id="111" room="56" start="150" weeks="1111111101110111"/>
    <class days="0010000" id="112" room="48" start="216" weeks="1111111101111111"/>
    <class days="1000000" id="113" room="48" start="216" weeks="1111111101111111"/>
    <class days="0001000" id="114" room="48" start="216" weeks="1111111101111111"/>
    <class days="0000010" id="115" room="48" start="108" weeks="1111111101110111"/>
    <class days="0100000" id="116" room="50" start="216" weeks="1111111101111111"/>
    <class days="1000000" id="117" room="50" start="216" weeks="1111111101111111"/>
    <class days="0000001" id="118" room="50" start="108" weeks="1111111101110111"/>
    <class days="0010000" id="119" room="50" start="216" weeks="1111111101111111"/>
    <class days="0010000" id="120" room="45" start="216" weeks="1111111101111111"/>
    <class days="0100000" id="121" room="45" start="216" weeks="1111111101111111"/>
    <class days="1000000" id="122" room="46" start="216" weeks="1111111101111111"/>
    <class days="0001000" id="123" room="46" start="216" weeks="1111111101111111"/>
    <class days="0100000" id="124" room="54" start="216" weeks="1111111101111111"/>
    <class days="0000010" id="125" room="49" start="108" weeks="1111111101110111"/>
    <class days="0001000" id="126" room="56" start="216" weeks="1111111101111111"/>
    <class days="0101000" id="127" room="56" start="168" weeks="1111111101111111"/>
    <class days="1010000" id="128" room="52" start="114" weeks="1111111101111111"/>
    <class days="0101000" id="129" room="51" start="114" weeks="1111111101111111"/>
    <class days="0000100" id="130" room="56" start="108" weeks="1111111101110111"/>
    <class days="1010000" id="131" room="48" start="114" weeks="1111111101111111"/>
    <class days="1010000" id="132" room="48" start="168" weeks="1111111101111111"/>
    <class days="0101000" id="133" room="48" start="114" weeks="1111111101111111"/>
    <class days="0101000" id="134" room="48" start="168" weeks="1111111101111111"/>
    <class days="1010000" id="135" room="50" start="114" weeks="1111111101111111"/>
    <class days="0101000" id="136" room="50" start="168" weeks="1111111101111111"/>
    <class days="1010000" id="137" room="50" start="168" weeks="1111111101111111"/>
    <class days="0101000" id="138" room="45" start="168" weeks="1111111101111111"/>
    <class days="0101000" id="139" room="45" start="114" weeks="1111111101111111"/>
    <class days="1010000" id="140" room="46" start="168" weeks="1111111101111111"/>
    <class days="1010000" id="141" room="46" start="114" weeks="1111111101111111"/>
    <class days="1010000" id="142" room="47" start="168" weeks="1111111101111111"/>
    <class days="0101000" id="143" room="49" start="114" weeks="1111111101111111"/>
    <class days="1010000" id="144" room="56" start="216" weeks="1111111101111111"/>
    <class days="1010000" id="145" room="49" start="114" weeks="1111111101111111"/>
    <class days="0100000" id="146" start="210" weeks="1111111101111111"/>
    <class days="1010000" id="147" room="1" start="96" weeks="1111111101111111"/>
    <class days="0000010" id="148" room="1" start="168" weeks="1000000000000000"/>
    <class days="0000010" id="149" room="21" start="168" weeks="0101010101010100"/>
    <class days="0100000" id="150" room="34" start="120" weeks="1111111101111111"/>
    <class days="0001000" id="151" room="34" start="168" weeks="1111111101111111"/>
    <class days="1010000" id="152" room="19" start="132" weeks="1111111101111111"/>
    <class days="0010100" id="153" room="4" start="114" weeks="1111111101111111"/>
    <class days="0101000" id="154" room="19" start="168" weeks="1111111101111111"/>
    <class days="1010000" id="155" room="1" start="168" weeks="1111111101111111"/>
    <class days="0000010" id="156" room="10" start="114" weeks="1000000000000000"/>
    <class days="0000010" id="157" room="6" start="168" weeks="0101010101010100"/>
    <class days="0001000" id="158" room="34" start="144" weeks="1111111101111111"/>
    <class days="0001000" id="159" room="34" start="192" weeks="1111111101111111"/>
    <class days="0001000" id="160" room="34" start="96" weeks="1111111101111111"/>
    <class days="1000000" id="161" room="34" start="192" weeks="1111111101111111"/>
    <class days="1000000" id="162" room="34" start="144" weeks="1111111101111111"/>
    <class days="1000000" id="163" room="34" start="96" weeks="1111111101111111"/>
    <class days="0100000" id="164" room="34" start="96" weeks="1111111101111111"/>
    <class days="0100000" id="165" room="34" start="144" weeks="1111111101111111"/>
    <class days="0100000" id="166" room="34" start="192" weeks="1111111101111111"/>
    <class days="0010000" id="167" room="34" start="168" weeks="1111111101111111"/>
    <class days="0101000" id="168" room="1" start="96" weeks="1111111101111111"/>
    <class days="0101000" id="169" room="1" start="114" weeks="1111111101111111"/>
    <class days="0101000" id="170" room="40" start="216" weeks="1010101010101010"/>
    <class days="0101000" id="171" room="40" start="216" weeks="0101010101010101"/>
    <class days="0101000" id="172" room="40" start="246" weeks="1010101010101010"/>
    <class days="0101000" id="173" room="40" start="246" weeks="0101010101010101"/>
    <class days="1010000" id="174" room="37" start="150" weeks="1111111101111111"/>
    <class days="1010000" id="175" room="37" start="132" weeks="1111111101111111"/>
    <class days="0010100" id="176" room="34" start="96" weeks="1111111101111111"/>
    <class days="0101000" id="177" room="37" start="204" weeks="1111111101111111"/>
    <class days="0010100" id="178" room="37" start="204" weeks="1111111101111111"/>
    <class days="0101000" id="179" room="37" start="228" weeks="1010101010101010"/>
    <class days="0101000" id="180" room="37" start="228" weeks="0101010101010101"/>
    <class days="1010000" id="181" room="11" start="150" weeks="1111111101111111"/>
    <class days="1010000" id="182" room="16" start="168" weeks="1111111101111111"/>
    <class days="0100000" id="183" room="37" start="168" weeks="1111111101111111"/>
    <class days="0001000" id="184" room="37" start="132" weeks="1111111101111111"/>
    <class days="1000000" id="185" room="38" start="96" weeks="1111111101111111"/>
    <class days="0101000" id="186" room="26" start="150" weeks="1111111101111111"/>
    <class days="1010000" id="187" room="32" start="168" weeks="1111111101111111"/>
    <class days="1010000" id="188" room="33" start="150" weeks="1111111101111111"/>
    <class days="0010100" id="189" room="3" start="132" weeks="1111111101111111"/>
    <class days="0101000" id="190" room="32" start="96" weeks="1111111101111111"/>
    <class days="1000000" id="191" room="37" start="96" weeks="1111111101111111"/>
    <class days="1000000" id="192" room="37" start="168" weeks="1111111101111111"/>
    <class days="0001000" id="193" room="37" start="96" weeks="1111111101111111"/>
    <class days="0010000" id="194" room="37" start="96" weeks="1111111101111111"/>
    <class days="0000100" id="195" room="37" start="96" weeks="1111111101110111"/>
    <class days="0010000" id="196" room="37" start="168" weeks="1111111101111111"/>
    <class days="0100000" id="197" room="37" start="96" weeks="1111111101111111"/>
    <class days="1010000" id="198" room="5" start="168" weeks="1111111101111111"/>
    <class days="0001000" id="199" room="68" start="168" weeks="1111111101111111"/>
    <class days="1010000" id="200" room="26" start="186" weeks="1111111101111111"/>
    <class days="0100000" id="201" room="38" start="132" weeks="1111111101111111"/>
    <class days="0101000" id="202" room="41" start="96" weeks="1111111101111111"/>
    <class days="0010100" id="203" room="44" start="96" weeks="1111111101111111"/>
    <class days="0101000" id="204" room="26" start="132" weeks="1111111101111111"/>
    <class days="1000000" id="205" room="38" start="132" weeks="1111111101111111"/>
    <class days="1000000" id="206" room="37" start="204" weeks="1111111101111111"/>
    <class days="0100000" id="207" room="37" start="132" weeks="1111111101111111"/>
    <class days="0101000" id="208" room="44" start="168" weeks="1111111101111111"/>
    <class days="0001000" id="209" room="38" start="204" weeks="1111111101111111"/>
    <class days="0101000" id="210" room="41" start="150" weeks="1111111101111111"/>
    <class days="0010100" id="211" room="34" start="114" weeks="1111111101111111"/>
    <class days="0101000" id="212" room="43" start="96" weeks="1111111101111111"/>
    <class days="0100000" id="213" room="38" start="96" weeks="1111111101111111"/>
    <class days="0010000" id="214" room="38" start="96" weeks="1111111101111111"/>
    <class days="0101000" id="215" room="43" start="168" weeks="1111111101111111"/>
    <class days="0010000" id="216" room="38" start="132" weeks="1111111101111111"/>
    <class days="1010000" id="217" room="26" start="132" weeks="1111111101111111"/>
    <class days="0101000" id="218" room="42" start="150" weeks="1111111101111111"/>
    <class days="0101000" id="219" room="28" start="114" weeks="1111111101111111"/>
    <class days="0101000" id="220" room="68" start="132" weeks="1111111101111111"/>
    <class days="1010000" id="221" room="68" start="132" weeks="1111111101111111"/>
    <class days="0101000" id="222" room="9" start="96" weeks="1111111101111111"/>
    <class days="0101000" id="223" room="3" start="96" weeks="1111111101111111"/>
    <class days="1010100" id="224" room="14" start="96" weeks="1111111101111111"/>
    <class days="0010000" id="225" room="3" start="216" weeks="0000000011111111"/>
    <class days="1010000" id="226" room="20" start="114" weeks="1111111101111111"/>
    <class days="0010100" id="227" room="10" start="96" weeks="1111111101111111"/>
    <class days="0101000" id="228" room="25" start="150" weeks="1111111101111111"/>
    <class days="0010000" id="229" room="3" start="216" weeks="1111111100000000"/>
    <class days="1010000" id="230" room="3" start="96" weeks="1111111101111111"/>
    <class days="0010000" id="231" room="5" start="216" weeks="1111111100000000"/>
    <class days="0101000" id="232" room="1" start="132" weeks="1111111101111111"/>
    <class days="0101000" id="233" room="1" start="168" weeks="1111111101111111"/>
    <class days="0001000" id="234" room="69" start="210" weeks="0000000011111111"/>
    <class days="0001000" id="235" room="33" start="216" weeks="1111111100000000"/>
    <class days="0100000" id="236" room="69" start="210" weeks="1111111100000000"/>
    <class days="0100000" id="237" room="28" start="216" weeks="0000000011111111"/>
    <class days="0100000" id="238" room="9" start="216" weeks="1111111100000000"/>
    <class days="1000000" id="239" room="32" start="216" weeks="0000000011111111"/>
    <class days="0101000" id="240" room="27" start="168" weeks="1111111101111111"/>
    <class days="0100000" id="241" room="36" start="132" weeks="1111111101111111"/>
    <class days="0010100" id="242" room="21" start="114" weeks="1111111101111111"/>
    <class days="0101000" id="243" room="3" start="168" weeks="1111111101111111"/>
    <class days="1010000" id="244" room="16" start="96" weeks="1111111101111111"/>
    <class days="1010100" id="245" room="2" start="144" weeks="1111111101111111"/>
    <class days="0101000" id="246" room="15" start="114" weeks="1111111101111111"/>
    <class days="0101000" id="247" room="13" start="150" weeks="1111111101111111"/>
    <class days="0010000" id="248" room="36" start="132" weeks="1111111101111111"/>
    <class days="0000100" id="249" room="36" start="96" weeks="1111111101110111"/>
    <class days="0010000" id="250" room="36" start="204" weeks="1111111101111111"/>
    <class days="1000000" id="251" room="36" start="204" weeks="1111111101111111"/>
    <class days="1000000" id="252" room="36" start="132" weeks="1111111101111111"/>
    <class days="1000000" id="253" room="36" start="96" weeks="1111111101111111"/>
    <class days="0100000" id="254" room="36" start="204" weeks="1111111101111111"/>
    <class days="0001000" id="255" room="36" start="204" weeks="1111111101111111"/>
    <class days="0001000" id="256" room="36" start="132" weeks="1111111101111111"/>
    <class days="0100000" id="257" room="36" start="168" weeks="1111111101111111"/>
    <class days="0100000" id="258" room="36" start="96" weeks="1111111101111111"/>
    <class days="1010000" id="259" room="26" start="168" weeks="1111111101111111"/>
    <class days="0001000" id="260" room="5" start="216" weeks="1111111101111111"/>
    <class days="0101000" id="261" room="3" start="132" weeks="1111111101111111"/>
    <class days="0101000" id="262" room="2" start="96" weeks="1111111101111111"/>
    <class days="0010100" id="263" room="33" start="96" weeks="1111111101111111"/>
    <class days="0010000" id="264" room="36" start="168" weeks="1111111101111111"/>
    <class days="0010000" id="265" room="36" start="96" weeks="1111111101111111"/>
    <class days="0001000" id="266" room="36" start="96" weeks="1111111101111111"/>
    <class days="0001000" id="267" room="36" start="168" weeks="1111111101111111"/>
    <class days="1010000" id="268" room="4" start="168" weeks="1111111101111111"/>
    <class days="1010000" id="269" room="44" start="150" weeks="1111111101111111"/>
    <class days="0001000" id="270" room="70" start="96" weeks="1111111101111111"/>
    <class days="0101000" id="271" room="17" start="132" weeks="1111111101111111"/>
    <class days="0101000" id="272" room="21" start="150" weeks="1111111101111111"/>
    <class days="0101000" id="273" room="71" start="114" weeks="1111111101111111"/>
    <class days="1010100" id="274" room="18" start="132" weeks="1111111101111111"/>
    <class days="1010000" id="275" room="21" start="150" weeks="1111111101111111"/>
    <class days="0101000" id="276" room="17" start="150" weeks="1111111101111111"/>
    <class days="0101000" id="277" room="71" start="168" weeks="1111111101111111"/>
    <class days="1010000" id="278" room="25" start="132" weeks="1111111101111111"/>
    <class days="1010000" id="279" room="15" start="96" weeks="1111111101111111"/>
    <class days="0101000" id="280" room="5" start="114" weeks="1111111101111111"/>
    <class days="0101000" id="281" room="61" start="150" weeks="1111111101111111"/>
    <class days="1010100" id="282" room="15" start="144" weeks="1111111101111111"/>
    <class days="1010100" id="283" room="16" start="132" weeks="1111111101111111"/>
    <class days="0101000" id="284" room="27" start="150" weeks="1111111101111111"/>
    <class days="1010000" id="285" room="6" start="132" weeks="1111111101111111"/>
    <class days="0101000" id="286" room="40" start="132" weeks="1111111101111111"/>
    <class days="1010000" id="287" room="7" start="168" weeks="1111111101111111"/>
    <class days="0101000" id="288" room="13" start="114" weeks="1111111101111111"/>
    <class days="0010000" id="289" room="15" start="168" weeks="1111111101111111"/>
    <class days="0001000" id="290" room="26" start="216" weeks="1111111101111111"/>
    <class days="0100000" id="291" room="27" start="216" weeks="1111111100000000"/>
    <class days="0010000" id="292" room="16" start="216" weeks="0000000011111111"/>
    <class days="1000000" id="293" room="8" start="216" weeks="0000000011111111"/>
    <class days="0100000" id="294" room="9" start="216" weeks="0000000011111111"/>
    <class days="0010000" id="295" room="41" start="216" weeks="1111111100000000"/>
    <class days="0001000" id="296" room="41" start="216" weeks="1111111100000000"/>
    <class days="0100000" id="297" room="31" start="216" weeks="1111111101111111"/>
    <class days="1010100" id="298" room="6" start="120" weeks="1111111101111111"/>
    <class days="0101000" id="299" room="40" start="114" weeks="1111111101111111"/>
    <class days="1010100" id="300" room="5" start="96" weeks="1111111101111111"/>
    <class days="0101000" id="301" room="11" start="150" weeks="1111111101111111"/>
    <class days="1010000" id="302" room="32" start="150" weeks="1111111101111111"/>
    <class days="0001000" id="303" room="27" start="216" weeks="1111111100000000"/>
    <class days="1010000" id="304" room="16" start="114" weeks="1111111101111111"/>
    <class days="0100000" id="305" room="20" start="96" weeks="1111111101111111"/>
    <class days="0010000" id="306" room="32" start="216" weeks="1111111100000000"/>
    <class days="1010000" id="307" room="20" start="186" weeks="1111111101111111"/>
    <class days="1010000" id="308" room="17" start="150" weeks="1111111101111111"/>
    <class days="1010000" id="309" room="10" start="168" weeks="1111111101111111"/>
    <class days="1000000" id="310" room="33" start="216" weeks="0000000011111111"/>
    <class days="0001000" id="311" room="27" start="216" weeks="0000000011111111"/>
    <class days="0001000" id="312" room="69" start="210" weeks="1111111100000000"/>
    <class days="0001000" id="313" room="16" start="216" weeks="1111111100000000"/>
    <class days="0001000" id="314" room="20" start="216" weeks="0000000011111111"/>
    <class days="0010000" id="315" room="74" start="234" weeks="1111111101111111"/>
    <class days="0100000" id="316" room="18" start="204" weeks="1111111101111111"/>
    <class days="0010000" id="317" room="74" start="204" weeks="1111111101111111"/>
    <class days="0000100" id="318" room="1" start="234" weeks="1111111101110111"/>
    <class days="0000100" id="319" room="1" start="204" weeks="1111111101110111"/>
    <class days="0100000" id="320" room="18" start="234" weeks="1111111101111111"/>
    <class days="0001000" id="321" room="74" start="204" weeks="1111111101111111"/>
    <class days="0001000" id="322" room="74" start="234" weeks="1111111101111111"/>
    <class days="0010000" id="323" room="20" start="204" weeks="1111111101111111"/>
    <class days="0001000" id="324" room="17" start="234" weeks="1111111101111111"/>
    <class days="0010000" id="325" room="20" start="234" weeks="1111111101111111"/>
    <class days="0001000" id="326" room="17" start="204" weeks="1111111101111111"/>
    <class days="1000000" id="327" room="15" start="234" weeks="1111111101111111"/>
    <class days="0100000" id="328" room="15" start="216" weeks="1111111100000000"/>
    <class days="1000000" id="329" room="16" start="216" weeks="0000000011111111"/>
    <class days="0001000" id="330" room="1" start="234" weeks="1111111101111111"/>
    <class days="0001000" id="331" room="4" start="234" weeks="1111111101111111"/>
    <class days="0001000" id="332" room="4" start="204" weeks="1111111101111111"/>
    <class days="1000000" id="333" room="74" start="234" weeks="1111111101111111"/>
    <class days="1000000" id="334" room="5" start="204" weeks="1111111101111111"/>
    <class days="0100000" id="335" room="74" start="204" weeks="1111111101111111"/>
    <class days="1000000" id="336" room="5" start="234" weeks="1111111101111111"/>
    <class days="0100000" id="337" room="74" start="234" weeks="1111111101111111"/>
    <class days="0001000" id="338" room="1" start="204" weeks="1111111101111111"/>
    <class days="0000100" id="339" room="4" start="234" weeks="1111111101110111"/>
    <class days="0001000" id="340" room="22" start="204" weeks="1111111101111111"/>
    <class days="0000100" id="341" room="4" start="204" weeks="1111111101110111"/>
    <class days="0001000" id="342" room="22" start="234" weeks="1111111101111111"/>
    <class days="1000000" id="343" room="74" start="204" weeks="1111111101111111"/>
    <class days="0001000" id="344" room="35" start="96" weeks="1111111101111111"/>
    <class days="0000100" id="345" room="35" start="96" weeks="1111111101110111"/>
    <class days="0101000" id="346" start="96" weeks="1111111101111111"/>
    <class days="1010000" id="347" room="35" start="96" weeks="1111111101111111"/>
    <class days="0101000" id="348" start="96" weeks="1111111101111111"/>
    <class days="1000000" id="349" room="74" start="168" weeks="1111111101111111"/>
    <class days="0100000" id="350" room="74" start="168" weeks="1111111101111111"/>
    <class days="0001000" id="351" room="35" start="168" weeks="1111111101111111"/>
    <class days="1000000" id="352" room="13" start="216" weeks="1111111101111111"/>
    <class days="0001000" id="353" room="35" start="216" weeks="1111111101111111"/>
    <class days="0101000" id="354" start="96" weeks="1111111101111111"/>
    <class days="0010000" id="355" room="35" start="216" weeks="1111111101111111"/>
    <class days="0101000" id="356" room="35" start="150" weeks="1111111101111111"/>
    <class days="0101000" id="357" start="96" weeks="1111111101111111"/>
    <class days="0001000" id="358" room="9" start="216" weeks="1111111101111111"/>
    <class days="0010000" id="359" room="74" start="168" weeks="1111111101111111"/>
    <class days="1000000" id="360" room="35" start="168" weeks="1111111101111111"/>
    <class days="1111100" id="361" start="84" weeks="1111111101111111"/>
    <class days="0100000" id="362" room="35" start="168" weeks="1111111101111111"/>
    <class days="0000100" id="363" room="35" start="228" weeks="1111111101110111"/>
    <class days="0100000" id="364" room="32" start="216" weeks="1111111101111111"/>
    <class days="0100000" id="365" room="35" start="216" weeks="1111111101111111"/>
    <class days="1000000" id="366" room="3" start="234" weeks="1111111101111111"/>
    <class days="1000000" id="367" room="3" start="204" weeks="1111111101111111"/>
    <class days="0010000" id="368" room="12" start="216" weeks="1111111101111111"/>
    <class days="1000000" id="369" room="35" start="216" weeks="1111111101111111"/>
    <class days="0101000" id="370" room="42" start="96" weeks="1111111101111111"/>
    <class days="0010100" id="371" room="28" start="132" weeks="1111111101111111"/>
    <class days="1010000" id="372" room="43" start="114" weeks="1111111101111111"/>
    <class days="0101000" id="373" room="26" start="96" weeks="1111111101111111"/>
    <class days="1010000" id="374" room="42" start="150" weeks="1111111101111111"/>
    <class days="0101000" id="375" room="41" start="132" weeks="1111111101111111"/>
    <class days="0101000" id="376" room="42" start="132" weeks="1111111101111111"/>
    <class days="0101000" id="377" room="43" start="150" weeks="1111111101111111"/>
    <class days="1010000" id="378" room="27" start="96" weeks="1111111101111111"/>
    <class days="0101000" id="379" room="2" start="168" weeks="1111111101111111"/>
    <class days="1010000" id="380" room="42" start="168" weeks="1111111101111111"/>
    <class days="0101000" id="381" room="41" start="114" weeks="1111111101111111"/>
    <class days="1010000" id="382" room="43" start="132" weeks="1111111101111111"/>
    <class days="1010000" id="383" room="42" start="96" weeks="1111111101111111"/>
    <class days="0101000" id="384" room="41" start="168" weeks="1111111101111111"/>
    <class days="1010000" id="385" room="43" start="150" weeks="1111111101111111"/>
    <class days="0010100" id="386" room="33" start="114" weeks="1111111101111111"/>
    <class days="1010000" id="387" room="41" start="132" weeks="1111111101111111"/>
    <class days="1010000" id="388" room="27" start="168" weeks="1111111101111111"/>
    <class days="0101000" id="389" room="13" start="96" weeks="1111111101111111"/>
    <class days="0001000" id="390" room="63" start="216" weeks="0000000011111111"/>
    <class days="0101000" id="391" room="75" start="114" weeks="1111111101111111"/>
    <class days="1010000" id="392" room="75" start="150" weeks="1111111101111111"/>
    <class days="0101000" id="393" room="28" start="168" weeks="1111111101111111"/>
    <class days="1010000" id="394" room="40" start="96" weeks="1111111101111111"/>
    <class days="0101000" id="395" room="40" start="168" weeks="1111111101111111"/>
    <class days="0101000" id="396" room="40" start="96" weeks="1111111101111111"/>
    <class days="0010100" id="397" room="40" start="132" weeks="1111111101111111"/>
    <class days="1010000" id="398" room="42" start="114" weeks="1111111101111111"/>
    <class days="0010100" id="399" room="33" start="132" weeks="1111111101111111"/>
    <class days="1010000" id="400" room="9" start="168" weeks="1111111101111111"/>
    <class days="0101000" id="401" room="44" start="132" weeks="1111111101111111"/>
    <class days="1010000" id="402" room="44" start="114" weeks="1111111101111111"/>
    <class days="0010100" id="403" room="44" start="132" weeks="1111111101111111"/>
    <class days="1010000" id="404" room="14" start="108" weeks="1111111101111111"/>
    <class days="0101000" id="405" room="78" start="114" weeks="1111111101111111"/>
    <class days="0101000" id="406" room="10" start="132" weeks="1111111101111111"/>
    <class days="0101000" id="407" room="20" start="132" weeks="1111111101111111"/>
    <class days="1010000" id="408" room="9" start="114" weeks="1111111101111111"/>
    <class days="0101000" id="409" room="15" start="150" weeks="1111111101111111"/>
    <class days="1000000" id="410" room="9" start="216" weeks="1111111100000000"/>
    <class days="0101000" id="411" room="32" start="150" weeks="1111111101111111"/>
    <class days="1000000" id="412" room="20" start="216" weeks="1111111100000000"/>
    <class days="1010000" id="413" room="5" start="132" weeks="1111111101111111"/>
    <class days="0101000" id="414" room="8" start="150" weeks="1111111101111111"/>
    <class days="0010000" id="415" room="26" start="216" weeks="1111111100000000"/>
    <class days="0100000" id="416" room="33" start="216" weeks="1111111100000000"/>
    <class days="0101000" id="417" room="75" start="132" weeks="1111111101111111"/>
    <class days="1010000" id="418" room="28" start="96" weeks="1111111101111111"/>
    <class days="0001000" id="419" room="38" start="132" weeks="1111111101111111"/>
    <class days="0001000" id="420" room="6" start="216" weeks="0000000011111111"/>
    <class days="0001000" id="421" room="11" start="216" weeks="1111111100000000"/>
    <class days="0101000" id="422" room="10" start="150" weeks="1111111101111111"/>
    <class days="0001000" id="423" room="12" start="216" weeks="0000000011111111"/>
    <class days="0101000" id="424" room="17" start="96" weeks="1111111101111111"/>
    <class days="0101000" id="425" room="21" start="132" weeks="1111111101111111"/>
    <class days="1010000" id="426" room="79" start="132" weeks="1111111101111111"/>
    <class days="0000100" id="427" room="72" start="132" weeks="1111111101110111"/>
    <class days="1010000" id="428" room="71" start="96" weeks="1111111101111111"/>
    <class days="1010000" id="429" room="71" start="150" weeks="1111111101111111"/>
    <class days="1010000" id="430" room="19" start="150" weeks="1111111101111111"/>
    <class days="0101000" id="431" room="19" start="150" weeks="1111111101111111"/>
    <class days="0101000" id="432" room="19" start="114" weeks="1111111101111111"/>
    <class days="0101000" id="433" room="7" start="114" weeks="1111111101111111"/>
    <class days="0010100" id="434" room="10" start="132" weeks="1111111101111111"/>
    <class days="1010100" id="435" room="16" start="144" weeks="1111111101111111"/>
    <class days="1000000" id="436" room="11" start="216" weeks="1010101010101010"/>
    <class days="1010000" id="437" room="12" start="168" weeks="1111111101111111"/>
    <class days="1010100" id="438" room="7" start="132" weeks="1111111101111111"/>
    <class days="0101000" id="439" room="5" start="168" weeks="1111111101111111"/>
    <class days="1010100" id="440" room="6" start="108" weeks="1111111101111111"/>
    <class days="1010000" id="441" room="20" start="168" weeks="1111111101111111"/>
    <class days="1010000" id="442" room="21" start="132" weeks="1111111101111111"/>
    <class days="1010100" id="443" room="11" start="120" weeks="1111111101111111"/>
    <class days="0101000" id="444" room="40" start="186" weeks="1111111101111111"/>
    <class days="0101000" id="445" room="40" start="150" weeks="1111111101111111"/>
    <class days="1010000" id="446" room="40" start="150" weeks="1111111101111111"/>
    <class days="1010000" id="447" room="4" start="150" weeks="1111111101111111"/>
    <class days="0101000" id="448" room="11" start="132" weeks="1111111101111111"/>
    <class days="1010000" id="449" room="33" start="168" weeks="1111111101111111"/>
    <class days="0010100" id="450" room="75" start="96" weeks="1111111101111111"/>
    <class days="1010100" id="451" room="75" start="132" weeks="1111111101111111"/>
    <class days="1010000" id="452" room="27" start="114" weeks="1111111101111111"/>
    <class days="0101000" id="453" room="75" start="168" weeks="1111111101111111"/>
    <class days="0101000" id="454" room="11" start="96" weeks="1111111101111111"/>
    <class days="0101000" id="455" room="4" start="168" weeks="1111111101111111"/>
    <class days="0101000" id="456" room="15" start="132" weeks="1111111101111111"/>
    <class days="0101000" id="457" room="42" start="168" weeks="1111111101111111"/>
    <class days="0010100" id="458" room="13" start="96" weeks="1111111101111111"/>
    <class days="1010000" id="459" room="24" start="150" weeks="1111111101111111"/>
    <class days="0010100" id="460" room="13" start="132" weeks="1111111101111111"/>
    <class days="0101000" id="461" room="31" start="168" weeks="1111111101111111"/>
    <class days="0101000" id="462" room="24" start="150" weeks="1111111101111111"/>
    <class days="0101000" id="463" room="24" start="96" weeks="1111111101111111"/>
    <class days="1000000" id="464" room="16" start="216" weeks="1111111100000000"/>
    <class days="0001000" id="465" room="33" start="216" weeks="0000000011111111"/>
    <class days="1000000" id="466" room="27" start="216" weeks="1111111100000000"/>
    <class days="0010100" id="467" room="24" start="96" weeks="1111111101111111"/>
    <class days="0010000" id="468" room="13" start="216" weeks="0000000011111111"/>
    <class days="1010000" id="469" room="3" start="114" weeks="1111111101111111"/>
    <class days="1010000" id="470" room="28" start="150" weeks="1111111101111111"/>
    <class days="0001000" id="471" room="18" start="216" weeks="1111111100000000"/>
    <class days="0010000" id="472" room="31" start="216" weeks="0000000011111111"/>
    <class days="1000000" id="473" room="31" start="216" weeks="0000000011111111"/>
    <class days="0100000" id="474" room="3" start="216" weeks="0000000011111111"/>
    <class days="0001000" id="475" room="31" start="216" weeks="0000000011111111"/>
    <class days="0010000" id="476" room="31" start="216" weeks="1111111100000000"/>
    <class days="0010000" id="477" room="26" start="216" weeks="0000000011111111"/>
    <class days="0101000" id="478" room="26" start="168" weeks="1111111101111111"/>
    <class days="0010000" id="479" room="15" start="216" weeks="1111111101111111"/>
    <class days="1010000" id="480" room="3" start="150" weeks="1111111101111111"/>
    <class days="1010000" id="481" room="19" start="96" weeks="1111111101111111"/>
    <class days="0101000" id="482" room="12" start="150" weeks="1111111101111111"/>
    <class days="0001000" id="483" room="3" start="216" weeks="1111111101111111"/>
    <class days="0010100" id="484" room="12" start="132" weeks="1111111101111111"/>
    <class days="1010000" id="485" room="3" start="168" weeks="1111111101111111"/>
    <class days="0001000" id="486" room="15" start="216" weeks="1111111101111111"/>
    <class days="0101000" id="487" room="9" start="132" weeks="1111111101111111"/>
    <class days="0101000" id="488" room="13" start="168" weeks="1111111101111111"/>
    <class days="0010100" id="489" room="27" start="132" weeks="1111111101111111"/>
    <class days="0101000" id="490" room="33" start="150" weeks="1111111101111111"/>
    <class days="0101000" id="491" room="13" start="132" weeks="1111111101111111"/>
    <class days="0001000" id="492" room="28" start="216" weeks="1111111101111111"/>
    <class days="1010100" id="493" room="17" start="120" weeks="1111111101111111"/>
    <class days="1010000" id="494" room="2" start="114" weeks="1111111101111111"/>
    <class days="0101000" id="495" room="9" start="186" weeks="1111111101111111"/>
    <class days="1010000" id="496" room="16" start="186" weeks="1111111101111111"/>
    <class days="1010000" id="497" room="35" start="132" weeks="1111111101111111"/>
    <class days="0101000" id="498" room="32" start="168" weeks="1111111101111111"/>
    <class days="1010000" id="499" room="28" start="168" weeks="1111111101111111"/>
    <class days="0101000" id="500" room="31" start="114" weeks="1111111101111111"/>
    <class days="0000100" id="501" room="31" start="168" weeks="1111111101110111"/>
    <class days="0101000" id="502" room="8" start="168" weeks="1111111101111111"/>
    <class days="1010000" id="503" room="12" start="150" weeks="1111111101111111"/>
    <class days="0010000" id="504" room="11" start="216" weeks="0000000011111111"/>
    <class days="0101000" id="505" room="8" start="114" weeks="1111111101111111"/>
    <class days="1000000" id="506" room="27" start="216" weeks="0000000011111111"/>
    <class days="0100000" id="507" room="28" start="216" weeks="1111111100000000"/>
    <class days="0100000" id="508" room="15" start="216" weeks="0000000011111111"/>
    <class days="0100000" id="509" room="33" start="216" weeks="0000000011111111"/>
    <class days="0010000" id="510" room="9" start="216" weeks="1111111100000000"/>
    <class days="1010100" id="511" room="8" start="96" weeks="1111111101111111"/>
    <class days="1010100" id="512" room="8" start="120" weeks="1111111101111111"/>
    <class days="0101000" id="513" room="6" start="132" weeks="1111111101111111"/>
    <class days="0010000" id="514" room="13" start="168" weeks="1111111101111111"/>
    <class days="1010000" id="515" room="6" start="150" weeks="1111111101111111"/>
    <class days="0101000" id="516" room="9" start="168" weeks="1111111101111111"/>
    <class days="0101000" id="517" room="20" start="150" weeks="1111111101111111"/>
    <class days="0010000" id="518" room="8" start="216" weeks="0000000011111111"/>
    <class days="0101000" id="519" room="6" start="168" weeks="1111111101111111"/>
    <class days="0001000" id="520" room="16" start="216" weeks="0000000011111111"/>
    <class days="0100000" id="521" room="69" start="210" weeks="0000000011111111"/>
    <class days="0010100" id="522" room="75" start="114" weeks="1111111101111111"/>
    <class days="1000000" id="523" room="75" start="96" weeks="1111111101111111"/>
    <class days="0010000" id="524" room="75" start="222" weeks="1111111100000000"/>
    <class days="0010100" id="525" room="80" start="132" weeks="1111111101111111"/>
    <class days="1010000" id="526" room="72" start="132" weeks="1111111101111111"/>
    <class days="0000001" id="527" room="72" start="228" weeks="1111111101110111"/>
    <class days="0101000" id="528" room="75" start="222" weeks="1111111101111111"/>
    <class days="1000000" id="529" room="72" start="216" weeks="1111111101111111"/>
    <class days="1010000" id="530" room="75" start="168" weeks="1111111101111111"/>
    <class days="1000000" id="531" room="75" start="114" weeks="1111111101111111"/>
    <class days="0101000" id="532" room="81" start="132" weeks="1111111101111111"/>
    <class days="0101000" id="533" room="72" start="114" weeks="1111111101111111"/>
    <class days="1000000" id="534" room="75" start="216" weeks="1111111101111111"/>
    <class days="0101000" id="535" room="72" start="132" weeks="1111111101111111"/>
    <class days="0010000" id="536" room="72" start="216" weeks="1111111101111111"/>
    <class days="1010000" id="537" room="82" start="132" weeks="1111111101111111"/>
    <class days="0101000" id="538" room="75" start="96" weeks="1111111101111111"/>
    <class days="0101000" id="539" room="80" start="132" weeks="1111111101111111"/>
    <class days="1000000" id="540" room="80" start="168" weeks="1111111101111111"/>
    <class days="1000000" id="541" room="72" start="114" weeks="1111111101111111"/>
    <class days="0010000" id="542" room="72" start="114" weeks="1111111101111111"/>
    <class days="0101000" id="543" room="72" start="150" weeks="1111111101111111"/>
    <class days="1010100" id="544" room="72" start="96" weeks="1111111101111111"/>
    <class days="1000000" id="545" room="13" start="132" weeks="1111111101111111"/>
    <class days="0100000" id="546" room="72" start="216" weeks="1111111101111111"/>
    <class days="0001000" id="547" room="65" start="216" weeks="1111111101111111"/>
    <class days="1000000" id="548" room="13" start="168" weeks="1111111101111111"/>
    <class days="0001000" id="549" room="14" start="216" weeks="1111111101111111"/>
    <class days="0001000" id="550" start="216" weeks="1111111101111111"/>
    <class days="0001000" id="551" room="21" start="168" weeks="1111111101111111"/>
    <class days="0001000" id="552" room="18" start="96" weeks="1111111101111111"/>
    <class days="1000000" id="553" room="14" start="168" weeks="1111111101111111"/>
    <class days="1000000" id="554" start="168" weeks="1111111101111111"/>
    <class days="0000100" id="555" start="84" weeks="1111111101110111"/>
    <class days="0000100" id="556" start="84" weeks="1111111101110111"/>
    <class days="0000100" id="557" start="156" weeks="1111111101110111"/>
    <class days="0000100" id="558" start="84" weeks="1111111101110111"/>
    <class days="0000100" id="559" start="84" weeks="1111111101110111"/>
    <class days="0000100" id="560" start="156" weeks="1111111101110111"/>
    <class days="0000100" id="561" start="156" weeks="1111111101110111"/>
    <class days="0000100" id="562" start="156" weeks="1111111101110111"/>
    <class days="1000000" id="563" room="43" start="168" weeks="1111111101111111"/>
    <class days="0001000" id="564" room="43" start="132" weeks="1111111101111111"/>
    <class days="0010000" id="565" room="43" start="168" weeks="1111111101111111"/>
    <class days="0010000" id="566" room="43" start="96" weeks="1111111101111111"/>
    <class days="1000000" id="567" room="43" start="96" weeks="1111111101111111"/>
    <class days="0001000" id="568" room="43" start="114" weeks="1111111101111111"/>
    <class days="1000000" id="569" room="89" start="186" weeks="1111111101111111"/>
    <class days="0001000" id="570" room="89" start="150" weeks="1111111101111111"/>
    <class days="0010000" id="571" room="89" start="186" weeks="1111111101111111"/>
    <class days="0010000" id="572" room="89" start="114" weeks="1111111101111111"/>
    <class days="1000000" id="573" room="89" start="114" weeks="1111111101111111"/>
    <class days="0001000" id="574" room="89" start="114" weeks="1111111101111111"/>
    <class days="0000100" id="575" room="14" start="204" weeks="1111111101110111"/>
    <class days="0000100" id="576" start="204" weeks="1111111101110111"/>
    <class days="0100000" id="577" room="43" start="216" weeks="1111111100000000"/>
    <class days="1000000" id="578" room="43" start="216" weeks="1111111100000000"/>
    <class days="0010000" id="579" room="43" start="216" weeks="1111111100000000"/>
    <class days="0000010" id="580" room="43" start="156" weeks="1111111100000000"/>
    <class days="0000010" id="581" room="43" start="96" weeks="1111111100000000"/>
    <class days="0100000" id="582" room="89" start="240" weeks="1111111100000000"/>
    <class days="1000000" id="583" room="89" start="240" weeks="1111111100000000"/>
    <class days="0010000" id="584" room="89" start="240" weeks="1111111100000000"/>
    <class days="0000010" id="585" room="89" start="180" weeks="1111111100000000"/>
    <class days="0000010" id="586" room="89" start="120" weeks="1111111100000000"/>
    <class days="0001000" id="587" room="33" start="168" weeks="1111111101111111"/>
    <class days="0010000" id="588" start="108" weeks="0011111111100000"/>
    <class days="0010000" id="589" start="108" weeks="0011111111100000"/>
    <class days="0010000" id="590" start="108" weeks="0011111111100000"/>
    <class days="1010000" id="591" room="21" start="168" weeks="1111111101111111"/>
    <class days="0000100" id="592" start="84" weeks="0011111111111111"/>
    <class days="0000100" id="593" start="84" weeks="0011111111111111"/>
    <class days="0000100" id="594" start="84" weeks="0011111111111111"/>
    <class days="0100000" id="595" room="18" start="96" weeks="1111111101111111"/>
    <class days="0000100" id="596" room="21" start="168" weeks="1111111101110111"/>
    <class days="0001000" id="597" room="14" start="96" weeks="1111111101111111"/>
    <class days="0010000" id="598" start="84" weeks="0111111111111111"/>
    <class days="0010000" id="599" start="84" weeks="0111111111111111"/>
    <class days="0010000" id="600" start="84" weeks="0111111111111111"/>
    <class days="0010000" id="601" start="84" weeks="0111111111111111"/>
    <class days="0010000" id="602" start="84" weeks="0111111111111111"/>
    <class days="0010000" id="603" start="180" weeks="0111111111111111"/>
    <class days="0010000" id="604" start="180" weeks="0111111111111111"/>
    <class days="1000000" id="605" start="84" weeks="0000011111111111"/>
    <class days="1000000" id="606" start="84" weeks="0000011111111111"/>
    <class days="1000000" id="607" start="84" weeks="0000011111111111"/>
    <class days="0100000" id="608" room="21" start="168" weeks="1111111101111111"/>
    <class days="0001000" id="609" room="20" start="96" weeks="1111111101111111"/>
    <class days="1000000" id="610" start="84" weeks="1111111101111111"/>
    <class days="1000000" id="611" start="84" weeks="1111111101111111"/>
    <class days="1000000" id="612" start="84" weeks="1111111101111111"/>
    <class days="1000000" id="613" start="84" weeks="1111111101111111"/>
    <class days="1000000" id="614" start="84" weeks="1111111101111111"/>
    <class days="1000000" id="615" start="84" weeks="1111111101111111"/>
    <class days="1000000" id="616" start="180" weeks="1111111101111111"/>
    <class days="0001000" id="617" room="14" start="168" weeks="1111111101111111"/>
    <class days="0001000" id="618" start="168" weeks="1111111101111111"/>
    <class days="1000000" id="619" room="43" start="216" weeks="0000000011111111"/>
    <class days="0100000" id="620" room="43" start="216" weeks="0000000011111111"/>
    <class days="0010000" id="621" room="43" start="216" weeks="0000000011111111"/>
    <class days="0000010" id="622" room="43" start="156" weeks="0000000011110111"/>
    <class days="0000010" id="623" room="43" start="96" weeks="0000000011110111"/>
    <class days="0000100" id="624" room="16" start="96" weeks="0111100000000000"/>
    <class days="0000100" id="625" start="96" weeks="0111100000000000"/>
    <class days="1000000" id="626" room="89" start="240" weeks="0000000011111111"/>
    <class days="0100000" id="627" room="89" start="240" weeks="0000000011111111"/>
    <class days="0010000" id="628" room="89" start="240" weeks="0000000011111111"/>
    <class days="0000010" id="629" room="89" start="180" weeks="0000000011110111"/>
    <class days="0000010" id="630" room="89" start="120" weeks="0000000011110111"/>
    <class days="0000100" id="631" room="89" start="132" weeks="0111100000000000"/>
    <class days="0100000" id="632" room="89" start="120" weeks="0111100000000000"/>
    <class days="0000100" id="633" room="2" start="204" weeks="1111111101110111"/>
    <class days="0000100" id="634" start="204" weeks="1111111101110111"/>
    <class days="0010000" id="635" room="14" start="168" weeks="1111111101111111"/>
    <class days="1000000" id="636" start="84" weeks="1111111101111111"/>
    <class days="1000000" id="637" start="84" weeks="1111111101111111"/>
    <class days="0100000" id="638" start="84" weeks="1111111101111111"/>
    <class days="0100000" id="639" start="84" weeks="1111111101111111"/>
    <class days="0010000" id="640" start="84" weeks="1111111101111111"/>
    <class days="0010000" id="641" start="84" weeks="1111111101111111"/>
    <class days="0001000" id="642" start="84" weeks="1111111101111111"/>
    <class days="0000100" id="643" start="84" weeks="1111111101110111"/>
    <class days="0100000" id="644" start="96" weeks="0011111111111111"/>
    <class days="0100000" id="645" start="96" weeks="0011111111111111"/>
    <class days="0100000" id="646" start="96" weeks="0011111111111111"/>
    <class days="1000000" id="647" room="14" start="216" weeks="1111111101111111"/>
    <class days="1000000" id="648" start="216" weeks="1111111101111111"/>
    <class days="0000010" id="649" start="84" weeks="1111111101110111"/>
    <class days="0000010" id="650" start="84" weeks="1111111101110111"/>
    <class days="0000010" id="651" start="84" weeks="1111111101110111"/>
    <class days="0000010" id="652" start="84" weeks="1111111101110111"/>
    <class days="0000001" id="653" start="84" weeks="1111111101110111"/>
    <class days="0000001" id="654" start="84" weeks="1111111101110111"/>
    <class days="0000001" id="655" start="84" weeks="1111111101110111"/>
    <class days="0000001" id="656" start="84" weeks="1111111101110111"/>
    <class days="0100000" id="657" room="14" start="96" weeks="1111111101111111"/>
    <class days="0100000" id="658" start="96" weeks="1111111101111111"/>
    <class days="1000000" id="659" room="18" start="168" weeks="1111111101111111"/>
    <class days="1000000" id="660" room="15" start="168" weeks="1111111101111111"/>
    <class days="0100000" id="661" room="14" start="168" weeks="1111111101111111"/>
    <class days="0001000" id="662" room="20" start="168" weeks="1111111101111111"/>
    <class days="0000010" id="663" start="84" weeks="1111111101110111"/>
    <class days="0000010" id="664" start="84" weeks="1111111101110111"/>
    <class days="0000010" id="665" start="84" weeks="1111111101110111"/>
    <class days="0000010" id="666" start="84" weeks="1111111101110111"/>
    <class days="0000010" id="667" start="84" weeks="1111111101110111"/>
    <class days="0000010" id="668" start="84" weeks="1111111101110111"/>
    <class days="0000010" id="669" start="84" weeks="1111111101110111"/>
    <class days="1000000" id="670" room="13" start="96" weeks="1111111101111111"/>
    <class days="0000100" id="671" room="15" start="96" weeks="1111111101110111"/>
    <class days="0000100" id="672" room="12" start="234" weeks="1111111100000000"/>
    <class days="0100000" id="673" room="16" start="234" weeks="1111111101111111"/>
    <class days="0001000" id="674" start="228" weeks="1111111101111111"/>
    <class days="0100000" id="675" room="20" start="204" weeks="1111111101111111"/>
    <class days="0000100" id="676" room="12" start="204" weeks="1111111101110111"/>
    <class days="0000100" id="677" room="41" start="234" weeks="1111111101110111"/>
    <class days="0001000" id="678" start="192" weeks="1111111101111111"/>
    <class days="0001000" id="679" start="192" weeks="1111111101111111"/>
    <class days="0000100" id="680" room="42" start="204" weeks="1111111101110111"/>
    <class days="0000100" id="681" start="204" weeks="1111111101110111"/>
    <class days="0001000" id="682" start="228" weeks="1111111101111111"/>
    <class days="0001000" id="683" start="228" weeks="1111111101111111"/>
    <class days="0001000" id="684" start="228" weeks="1111111101111111"/>
    <class days="0001000" id="685" start="228" weeks="1111111101111111"/>
    <class days="0001000" id="686" start="228" weeks="1111111101111111"/>
    <class days="0010000" id="687" room="1" start="114" weeks="1111111101111111"/>
    <class days="0000100" id="688" room="41" start="114" weeks="1111111101110111"/>
    <class days="0100000" id="689" room="6" start="96" weeks="1111111101111111"/>
    <class days="0001000" id="690" room="44" start="96" weeks="1111111101111111"/>
    <class days="0001000" id="691" room="44" start="114" weeks="1111111101111111"/>
    <class days="1000000" id="692" room="14" start="150" weeks="1111111101111111"/>
    <class days="1010000" id="693" room="17" start="174" weeks="1111111101111111"/>
    <class days="1000000" id="694" start="150" weeks="1111111101111111"/>
    <class days="0010100" id="695" room="18" start="168" weeks="1111111101111111"/>
    <class days="0000100" id="696" room="93" start="114" weeks="1111111101110111"/>
    <class days="0010000" id="697" room="92" start="120" weeks="1111111101111111"/>
    <class days="0101000" id="698" room="90" start="132" weeks="1111111101111111"/>
    <class days="0101000" id="699" room="90" start="96" weeks="1111111101111111"/>
    <class days="1010000" id="700" room="18" start="150" weeks="1111111101111111"/>
    <class days="0010000" id="701" room="94" start="114" weeks="1111111101111111"/>
    <class days="1000000" id="702" room="94" start="114" weeks="1111111101111111"/>
    <class days="0101000" id="703" room="21" start="96" weeks="1111111101111111"/>
    <class days="0100000" id="704" room="92" start="150" weeks="1111111101111111"/>
    <class days="0001000" id="705" room="92" start="168" weeks="1111111101111111"/>
    <class days="0101000" id="706" room="18" start="150" weeks="1111111101111111"/>
    <class days="0100000" id="707" room="94" start="168" weeks="1111111101111111"/>
    <class days="0001000" id="708" room="18" start="168" weeks="1111111101111111"/>
    <class days="1010000" id="709" room="17" start="96" weeks="1111111101111111"/>
    <class days="0010000" id="710" room="92" start="144" weeks="1111111101111111"/>
    <class days="1000000" id="711" room="93" start="144" weeks="1111111101111111"/>
    <class days="1010000" id="712" room="14" start="120" weeks="1111111101111111"/>
    <class days="0101000" id="713" room="17" start="168" weeks="1111111101111111"/>
    <class days="1010000" id="714" room="91" start="168" weeks="1111111101111111"/>
    <class days="1010000" id="715" room="90" start="168" weeks="1111111101111111"/>
    <class days="1010000" id="716" room="95" start="168" weeks="1111111101111111"/>
    <class days="1010000" id="717" room="93" start="168" weeks="1111111101111111"/>
    <class days="1000000" id="718" room="20" start="96" weeks="1111111101111111"/>
    <class days="1010000" id="719" room="18" start="96" weeks="1111111101111111"/>
    <class days="1010000" id="720" room="21" start="96" weeks="1111111101111111"/>
    <class days="0000100" id="721" room="18" start="96" weeks="1111111101110111"/>
    <class days="0101000" id="722" room="33" start="96" weeks="1111111101111111"/>
    <class days="0010000" id="723" room="73" start="168" weeks="1111111101111111"/>
    <class days="1010100" id="724" room="6" start="96" weeks="1111111101111111"/>
    <class days="0101000" id="725" room="12" start="114" weeks="1111111101111111"/>
    <class days="0101000" id="726" room="9" start="114" weeks="1111111101111111"/>
    <class days="1010000" id="727" room="20" start="132" weeks="1111111101111111"/>
    <class days="0101000" id="728" room="7" start="96" weeks="1111111101111111"/>
    <class days="1000000" id="729" room="12" start="216" weeks="1111111100000000"/>
    <class days="0101000" id="730" room="75" start="150" weeks="1111111101111111"/>
    <class days="0000100" id="731" room="19" start="96" weeks="1111111101110111"/>
    <class days="0100000" id="732" room="96" start="132" weeks="1111111101111111"/>
    <class days="0101000" id="733" room="78" start="174" weeks="1111111101111111"/>
    <class days="0101000" id="734" room="78" start="150" weeks="1111111101111111"/>
    <class days="0101000" id="735" room="96" start="96" weeks="1111111101111111"/>
    <class days="1010000" id="736" room="19" start="168" weeks="1111111101111111"/>
    <class days="1010000" id="737" room="78" start="147" weeks="1111111101111111"/>
    <class days="1010000" id="738" room="78" start="180" weeks="1111111101111111"/>
    <class days="0101000" id="739" room="19" start="132" weeks="1111111101111111"/>
    <class days="0101000" id="740" room="19" start="96" weeks="1111111101111111"/>
    <class days="1010000" id="741" room="96" start="96" weeks="1111111101111111"/>
    <class days="1010000" id="742" room="96" start="150" weeks="1111111101111111"/>
    <class days="0101000" id="743" room="96" start="147" weeks="1111111101111111"/>
    <class days="0000100" id="744" room="96" start="96" weeks="1111111101110111"/>
    <class days="0000100" id="745" room="96" start="132" weeks="1111111101110111"/>
    <class days="1000000" id="746" room="19" start="114" weeks="1111111101111111"/>
    <class days="0010000" id="747" room="19" start="114" weeks="1111111101111111"/>
    <class days="0001000" id="748" room="77" start="96" weeks="1111100000000000"/>
    <class days="1010000" id="749" room="78" start="96" weeks="1111100000000000"/>
    <class days="1010000" id="750" room="77" start="96" weeks="0000011111100000"/>
    <class days="0100000" id="751" room="77" start="108" weeks="0000011111100000"/>
    <class days="0001000" id="752" room="77" start="96" weeks="0000011111100000"/>
    <class days="1010000" id="753" room="77" start="96" weeks="0000000000011111"/>
    <class days="1010000" id="754" room="96" start="132" weeks="1111111101111111"/>
    <class days="1010000" id="755" room="39" start="96" weeks="1111111101111111"/>
    <class days="1000000" id="756" room="39" start="168" weeks="1111111101111111"/>
    <class days="0101000" id="757" room="39" start="168" weeks="1111111101111111"/>
    <class days="0101000" id="758" room="39" start="96" weeks="1111111101111111"/>
    <class days="0101000" id="759" room="39" start="132" weeks="1111111101111111"/>
    <class days="1000000" id="760" room="39" start="132" weeks="1111111101111111"/>
    <class days="0000100" id="761" room="39" start="96" weeks="1111111101110111"/>
    <class days="1000000" id="762" room="39" start="204" weeks="1111111101111111"/>
    <class days="0010000" id="763" room="39" start="204" weeks="1111111101111111"/>
    <class days="0010000" id="764" room="39" start="168" weeks="1111111101111111"/>
    <class days="0010000" id="765" room="39" start="132" weeks="1111111101111111"/>
    <class days="0101000" id="766" room="39" start="150" weeks="1111111101111111"/>
    <class days="0101000" id="767" room="39" start="114" weeks="1111111101111111"/>
    <class days="1010000" id="768" room="39" start="114" weeks="1111111101111111"/>
    <class days="0010100" id="769" room="9" start="132" weeks="1111111101111111"/>
    <class days="0010100" id="770" room="9" start="96" weeks="1111111101111111"/>
    <class days="1010000" id="771" room="8" start="150" weeks="1111111101111111"/>
    <class days="0101000" id="772" room="8" start="96" weeks="1111111101111111"/>
    <class days="1010100" id="773" room="11" start="132" weeks="1111111101111111"/>
    <class days="0101000" id="774" room="12" start="186" weeks="1111111101111111"/>
    <class days="1010000" id="775" room="7" start="96" weeks="1111111101111111"/>
    <class days="1010000" id="776" room="20" start="150" weeks="1111111101111111"/>
    <class days="0001000" id="777" room="20" start="216" weeks="1111111100000000"/>
    <class days="1010000" id="778" room="40" start="114" weeks="1111111101111111"/>
    <class days="0010000" id="779" room="16" start="156" weeks="1111111101111111"/>
    <class days="0101000" id="780" room="6" start="150" weeks="1111111101111111"/>
    <class days="0101000" id="781" room="8" start="132" weeks="1111111101111111"/>
    <class days="0101000" id="782" room="7" start="168" weeks="1111111101111111"/>
    <class days="0101000" id="783" room="11" start="114" weeks="1111111101111111"/>
    <class days="1010100" id="784" room="8" start="108" weeks="1111111101111111"/>
    <class days="0100000" id="785" room="8" start="216" weeks="0000000011111111"/>
    <class days="0101000" id="786" room="15" start="168" weeks="1111111101111111"/>
    <class days="1010100" id="787" room="7" start="120" weeks="1111111101111111"/>
    <class days="1010000" id="788" room="5" start="150" weeks="1111111101111111"/>
    <class days="0101000" id="789" room="9" start="150" weeks="1111111101111111"/>
    <class days="0101000" id="790" room="12" start="96" weeks="1111111101111111"/>
    <class days="0101000" id="791" room="16" start="114" weeks="1111111101111111"/>
    <class days="0101000" id="792" room="7" start="150" weeks="1111111101111111"/>
    <class days="0001000" id="793" room="12" start="216" weeks="1111111100000000"/>
    <class days="0101000" id="794" room="15" start="96" weeks="1111111101111111"/>
    <class days="0001000" id="795" room="11" start="216" weeks="0000000011111111"/>
    <class days="1010100" id="796" room="17" start="132" weeks="1111111101111111"/>
    <class days="1010000" id="797" room="31" start="132" weeks="1111111101111111"/>
    <class days="0101000" id="798" room="24" start="132" weeks="1111111101111111"/>
    <class days="0101000" id="799" room="24" start="168" weeks="1111111101111111"/>
    <class days="1010000" id="800" room="41" start="168" weeks="1111111101111111"/>
    <class days="1010000" id="801" room="13" start="150" weeks="1111111101111111"/>
    <class days="0101000" id="802" room="28" start="150" weeks="1111111101111111"/>
    <class days="1010000" id="803" room="26" start="96" weeks="1111111101111111"/>
    <class days="0100000" id="804" room="5" start="216" weeks="1010101010101010"/>
    <class days="1010000" id="805" room="44" start="168" weeks="1111111101111111"/>
    <class days="0101000" id="806" room="73" start="132" weeks="1111111101111111"/>
    <class days="1010000" id="807" room="32" start="132" weeks="1111111101111111"/>
    <class days="1010100" id="808" room="12" start="120" weeks="1111111101111111"/>
    <class days="0010000" id="809" room="66" start="216" weeks="1111111100000000"/>
    <class days="1000000" id="810" room="33" start="216" weeks="1111111100000000"/>
    <class days="0101000" id="811" room="26" start="114" weeks="1111111101111111"/>
    <class days="0101000" id="812" room="14" start="150" weeks="1111111101111111"/>
    <class days="0010100" id="813" room="13" start="114" weeks="1111111101111111"/>
    <class days="0101000" id="814" room="16" start="168" weeks="1111111101111111"/>
    <class days="0101000" id="815" room="73" start="96" weeks="1111111101111111"/>
    <class days="0010100" id="816" room="32" start="114" weeks="1111111101111111"/>
    <class days="0101000" id="817" room="28" start="132" weeks="1111111101111111"/>
    <class days="1010000" id="818" room="73" start="150" weeks="1111111101111111"/>
    <class days="0101000" id="819" room="73" start="168" weeks="1111111101111111"/>
    <class days="0100000" id="820" room="73" start="216" weeks="0101010101010101"/>
    <class days="1000000" id="821" room="73" start="108" weeks="1111111101111111"/>
    <class days="0101000" id="822" room="71" start="150" weeks="1111111101111111"/>
    <class days="0101000" id="823" room="71" start="96" weeks="1111111101111111"/>
    <class days="1010000" id="824" room="7" start="150" weeks="1111111101111111"/>
    <class days="0010000" id="825" room="71" start="204" weeks="1111111101111111"/>
    <class days="0100000" id="826" room="71" start="204" weeks="1111111101111111"/>
    <class days="0100000" id="827" room="41" start="204" weeks="1111111101111111"/>
    <class days="1000000" id="828" room="41" start="204" weeks="1111111101111111"/>
    <class days="0100000" id="829" room="71" start="234" weeks="1111111101111111"/>
    <class days="0001000" id="830" start="204" weeks="1111111101111111"/>
    <class days="0010000" id="831" room="71" start="234" weeks="1111111101111111"/>
    <class days="0010000" id="832" start="234" weeks="1111111101111111"/>
    <class days="0010000" id="833" room="40" start="234" weeks="1111111101111111"/>
    <class days="0010000" id="834" start="234" weeks="1111111101111111"/>
    <class days="0010000" id="835" room="27" start="234" weeks="1111111101111111"/>
    <class days="0010000" id="836" start="234" weeks="1111111101111111"/>
    <class days="1000000" id="837" room="71" start="204" weeks="1111111101111111"/>
    <class days="1000000" id="838" room="71" start="234" weeks="1111111101111111"/>
    <class days="0001000" id="839" room="71" start="204" weeks="1111111101111111"/>
    <class days="0010000" id="840" room="33" start="204" weeks="1111111101111111"/>
    <class days="0100000" id="841" room="22" start="216" weeks="0000000011111111"/>
    <class days="0010000" id="842" room="28" start="216" weeks="1111111100000000"/>
    <class days="0010000" id="843" room="5" start="216" weeks="0000000011111111"/>
    <class days="0010000" id="844" room="13" start="216" weeks="1111111100000000"/>
    <class days="0010100" id="845" room="11" start="96" weeks="1111111101111111"/>
    <class days="0101000" id="846" room="12" start="132" weeks="1111111101111111"/>
    <class days="1010100" id="847" room="15" start="132" weeks="1111111101111111"/>
    <class days="1010000" id="848" room="40" start="168" weeks="1111111101111111"/>
    <class days="0101000" id="849" room="21" start="114" weeks="1111111101111111"/>
    <class days="0010100" id="850" room="26" start="114" weeks="1111111101111111"/>
    <class days="0100000" id="851" room="26" start="216" weeks="1111111101111111"/>
    <class days="0001000" id="852" room="39" start="204" weeks="1111111101111111"/>
    <class days="1010100" id="853" room="12" start="96" weeks="1111111101111111"/>
    <class days="1010000" id="854" room="8" start="168" weeks="1111111101111111"/>
    <class days="0101000" id="855" room="11" start="168" weeks="1111111101111111"/>
    <class days="0010000" id="856" room="6" start="216" weeks="0000000011111111"/>
    <class days="0101000" id="857" room="33" start="114" weeks="1111111101111111"/>
    <class days="0101000" id="858" room="32" start="114" weeks="1111111101111111"/>
    <class days="0000100" id="859" room="42" start="96" weeks="1111111101110111"/>
    <class days="0010000" id="860" room="32" start="216" weeks="0000000011111111"/>
    <class days="1010000" id="861" room="41" start="150" weeks="1111111101111111"/>
    <class days="0101000" id="862" room="27" start="132" weeks="1111111101111111"/>
    <class days="0101000" id="863" room="28" start="96" weeks="1111111101111111"/>
    <class days="1010000" id="864" room="41" start="96" weeks="1111111101111111"/>
    <class days="1010000" id="865" room="41" start="114" weeks="1111111101111111"/>
    <class days="0101000" id="866" room="27" start="96" weeks="1111111101111111"/>
    <class days="0101000" id="867" room="33" start="132" weeks="1111111101111111"/>
    <class days="0101000" id="868" room="42" start="114" weeks="1111111101111111"/>
    <class days="1010000" id="869" room="42" start="222" weeks="1111111101111111"/>
    <class days="1010000" id="870" room="71" start="114" weeks="1111111101111111"/>
    <class days="1010000" id="871" room="71" start="168" weeks="1111111101111111"/>
    <class days="0010100" id="872" room="8" start="132" weeks="1111111101111111"/>
    <class days="1010000" id="873" room="25" start="168" weeks="1111111101111111"/>
    <class days="1010000" id="874" room="11" start="168" weeks="1111111101111111"/>
    <class days="0010100" id="875" room="20" start="96" weeks="1111111101111111"/>
    <class days="1010000" id="876" room="5" start="114" weeks="1111111101111111"/>
    <class days="1010000" id="877" room="15" start="114" weeks="1111111101111111"/>
    <class days="0101000" id="878" room="12" start="168" weeks="1111111101111111"/>
    <class days="1010000" id="879" room="6" start="168" weeks="1111111101111111"/>
    <class days="0100000" id="880" room="13" start="216" weeks="0000000011111111"/>
    <class days="0000100" id="881" room="43" start="96" weeks="1111111101110111"/>
    <class days="1010000" id="882" room="42" start="132" weeks="1111111101111111"/>
</solution>
