fes;time;f
1;46;2147484254
2;46;2147484253
7;62;2147484252
14;78;2147484251
18;78;2147484250
21;78;2147484246
22;78;2147484243
28;78;2147484241
31;93;2147484239
32;93;2147484238
33;93;2147484236
35;93;2147484235
42;93;2147484234
46;93;2147484233
47;93;2147484231
48;93;2147484229
55;109;2147484226
62;109;2147484225
64;109;2147484223
67;109;2147484221
75;109;2147484220
86;125;2147484218
92;125;2147484217
96;125;2147484215
100;125;2147484210
102;125;2147484209
106;140;2147484208
112;140;2147484203
113;140;2147484202
116;140;2147484201
117;140;2147484200
120;140;2147484199
121;140;2147484197
125;140;2147484196
128;156;2147484195
129;156;2147484194
131;156;2147484193
136;156;2147484190
145;156;2147484189
146;156;2147484188
147;156;2147484187
148;156;2147484185
155;156;2147484184
161;171;2147484183
165;171;2147484180
169;171;2147484178
171;171;2147484175
179;171;2147484172
182;187;2147484171
200;187;2147484166
201;187;2147484162
204;187;2147484161
210;203;2147484160
211;203;2147484159
218;203;2147484155
219;203;2147484154
221;203;2147484153
222;203;2147484149
236;203;2147484148
251;218;2147484147
270;218;2147484146
281;234;2147484145
283;234;2147484144
306;234;2147484143
310;250;2147484142
312;250;2147484141
314;250;2147484140
315;250;2147484139
316;250;2147484137
320;250;2147484136
328;250;2147484134
333;250;2147484133
337;250;2147484132
338;250;2147484130
345;250;2147484129
348;265;2147484128
351;265;2147484127
352;265;2147484126
355;265;2147484125
357;265;2147484124
364;265;2147484123
366;265;2147484122
367;265;2147484121
372;265;2147484120
375;265;2147484119
377;265;2147484116
378;265;2147484115
384;281;2147484114
386;281;2147484113
398;281;2147484112
400;281;2147484111
401;281;2147484108
405;281;2147484107
412;281;2147484105
420;281;2147484102
424;296;2147484100
436;296;2147484098
443;296;2147484096
447;296;2147484093
448;296;2147484092
451;312;2147484091
455;312;2147484089
460;312;2147484088
474;312;2147484086
490;328;2147484085
492;328;2147484083
497;328;2147484080
505;328;2147484079
506;328;2147484078
510;328;2147484077
529;343;2147484075
532;343;2147484074
538;343;2147484072
545;343;2147484071
554;343;2147484070
556;359;2147484069
557;359;2147484067
562;359;2147484066
565;359;2147484062
572;359;2147484061
575;359;2147484060
576;359;2147484058
577;359;2147484057
584;359;2147484056
590;359;2147484055
594;375;2147484053
595;375;2147484052
604;375;2147484050
610;375;2147484049
615;375;2147484048
626;375;2147484047
633;390;2147484046
639;390;2147484045
642;390;2147484044
649;390;2147484043
653;390;2147484041
654;390;2147484040
664;390;2147484039
680;406;2147484038
683;406;2147484036
690;406;2147484035
707;406;2147484034
710;421;2147484033
721;421;2147484032
723;421;2147484031
730;421;2147484030
744;421;2147484029
745;421;2147484028
748;437;2147484026
760;437;2147484025
761;437;2147484021
775;437;2147484020
783;453;2147484019
785;453;2147484018
786;453;2147484016
814;453;2147484015
818;468;2147484013
831;468;2147484012
837;481;2147484011
840;483;2147484010
847;486;2147484008
853;490;2147484006
877;495;2147484004
883;495;2147484001
888;495;2147484000
890;495;2147483997
900;511;2147483996
902;511;2147483995
905;511;2147483994
908;511;2147483992
910;511;2147483991
918;511;2147483989
921;511;2147483988
927;511;2147483987
930;527;2147483986
939;527;2147483985
943;527;2147483984
949;527;2147483983
975;542;2147483982
1019;558;2147483981
1053;574;2147483980
1059;574;2147483979
1060;574;2147483977
1067;574;2147483976
1069;574;2147483975
1070;574;2147483974
1075;589;2147483973
1094;589;2147483971
1095;589;2147483970
1107;605;2147483969
1108;605;2147483968
1115;605;2147483967
1132;605;2147483966
1135;605;2147483964
1136;605;2147483963
1146;620;2147483961
1159;620;2147483960
1168;620;2147483959
1173;620;2147483958
1176;636;2147483957
1190;636;2147483956
1195;636;2147483955
1207;636;2147483954
1215;652;2147483953
1228;652;2147483952
1241;652;2147483951
1250;652;2147483950
1252;652;2147483949
1280;667;2147483947
1311;683;2147483946
1313;683;2147483945
1335;699;2147483944
1338;699;2147483941
1340;699;2147483939
1350;699;2147483938
1354;699;2147483937
1360;699;2147483936
1363;714;2147483934
1368;714;2147483932
1372;714;2147483931
1393;714;2147483930
1397;714;2147483929
1403;730;2147483928
1414;745;2147483927
1418;745;2147483926
1423;745;2147483925
1435;745;2147483924
1460;761;2147483922
1468;761;2147483921
1471;761;2147483920
1473;761;2147483919
1523;792;2147483918
1540;792;2147483917
1553;808;2147483916
1560;808;2147483914
1567;808;2147483913
1592;824;2147483911
1601;824;2147483910
1616;824;2147483909
1626;839;2147483908
1629;839;2147483907
1642;839;2147483906
1660;839;2147483905
1675;855;2147483903
1680;855;2147483902
1686;855;2147483901
1711;870;2147483900
1721;870;2147483899
1725;870;2147483898
1727;870;2147483897
1738;886;2147483896
1739;886;2147483894
1764;886;2147483893
1766;886;2147483892
1772;902;2147483891
1795;902;2147483890
1797;902;2147483889
1805;902;2147483888
1808;902;2147483886
1817;917;2147483885
1822;917;2147483884
1835;917;2147483881
1855;933;2147483880
1897;949;2147483879
1919;964;2147483878
1936;964;2147483877
1963;980;2147483876
1994;995;2147483875
2027;1011;2147483873
2069;1027;2147483872
2148;1058;2147483870
2149;1058;2147483869
2162;1058;2147483868
2174;1058;2147483867
2181;1073;2147483866
2191;1073;2147483865
2196;1073;2147483864
2213;1089;2147483863
2218;1089;2147483862
2232;1089;2147483861
2266;1105;2147483860
2268;1105;2147483859
2280;1105;2147483858
2302;1120;2147483857
2347;1136;2147483856
2366;1152;2147483855
2376;1152;2147483854
2384;1152;2147483853
2388;1152;2147483852
2403;1167;2147483851
2427;1167;2147483850
2431;1167;2147483849
2434;1167;2147483848
2436;1167;2147483847
2443;1183;2147483846
2446;1183;2147483845
2494;1198;2147483844
2550;1214;2147483842
2559;1230;2147483841
2569;1230;2147483840
2571;1230;2147483839
2587;1230;2147483838
2629;1245;2147483837
2669;1261;2147483836
2703;1277;2147483835
2716;1292;2147483834
2717;1292;2147483833
2719;1292;2147483832
2750;1308;2147483831
2753;1308;2147483830
2756;1308;2147483829
2766;1308;2147483828
2768;1308;2147483827
2790;1323;2147483826
2870;1355;2147483825
2919;1370;2147483824
2958;1386;2147483823
2969;1386;2147483821
2986;1402;2147483820
2994;1402;2147483819
3015;1402;2147483818
3115;1448;2147483817
3162;1464;2147483816
3165;1480;2147483815
3178;1480;2147483814
3211;1495;2147483813
3215;1495;2147483812
3288;1527;2147483811
3302;1527;2147483810
3341;1542;2147483808
3421;1573;2147483807
3486;1605;2147483806
3538;1620;2147483805
3551;1620;2147483804
3611;1651;2147483803
3642;1667;2147483802
3658;1667;2147483801
3661;1667;2147483800
3662;1667;2147483799
3729;1698;2147483798
3741;1698;2147483797
3750;1698;2147483796
3791;1714;2147483795
3847;1745;2147483794
3855;1745;2147483793
3883;1761;2147483792
3972;1792;2147483791
4003;1808;2147483790
4074;1839;2147483789
4185;1886;2147483788
4278;1917;2147483787
4402;1964;2147483786
4441;1980;2147483785
4461;1995;2147483784
4572;2026;2147483783
4575;2026;2147483782
4609;2042;2147483781
4651;2073;2147483780
4652;2073;2147483779
4715;2089;2147483778
4716;2089;2147483777
4787;2120;2147483776
4831;2136;2147483775
4906;2167;2147483774
4956;2183;2147483773
5115;2261;2147483772
5130;2261;2147483771
5171;2276;2147483770
5268;2308;2147483769
5276;2323;2147483768
5639;2464;2147483767
5654;2479;2147483766
5720;2495;2147483765
5723;2511;2147483764
5805;2542;2147483763
5844;2558;2147483762
5852;2558;2147483761
5933;2589;2147483760
5976;2604;2147483759
6030;2620;2147483758
6058;2636;2147483757
6201;2698;2147483756
6285;2729;2147483755
6364;2761;2147483754
6394;2776;2147483753
6441;2792;2147483752
6560;2839;2147483751
6573;2854;2147483750
6586;2854;2147483747
6691;2901;2147483746
6725;2917;2147483745
6784;2932;2147483744
7000;3026;2147483743
7017;3026;2147483742
7061;3057;2147483741
7113;3073;2147483740
7257;3136;2147483739
7281;3136;2147483738
7612;3276;2147483737
7692;3307;2147483736
7785;3339;2147483735
8156;3495;2147483734
8311;3557;2147483733
8423;3604;2147483732
8534;3651;2147483731
8698;3715;2147483730
8783;3746;2147483729
8788;3746;2147483728
9006;3840;2147483727
9040;3856;2147483726
9074;3871;2147483725
9077;3871;2147483724
9210;3926;2147483723
9263;3948;2147483722
9650;4105;2147483721
9895;4198;2147483720
10001;4245;2147483719
10201;4308;2147483718
10407;4401;2147483717
10774;4542;2147483716
10790;4558;2147483715
11095;4683;2147483714
11328;4761;2147483713
11339;4776;2147483711
11557;4854;2147483710
11612;4886;2147483709
11700;4917;2147483708
12236;5120;2147483707
12632;5276;2147483706
12710;5308;2147483705
12983;5417;2147483704
13006;5432;2147483703
13205;5511;2147483702
13322;5557;2147483701
13599;5667;2147483700
14066;5854;2147483699
14580;6057;2147483698
15021;6229;2147483697
15026;6229;2147483696
15775;6542;2147483695
16047;6651;2147483694
16059;6651;2147483693
16108;6667;2147483692
16670;6885;2147483691
16971;7010;2147483690
17212;7104;2147483689
17284;7135;2147483688
17387;7182;2147483687
18439;7604;2147483686
18523;7635;2147483685
19196;7901;2147483684
21344;8774;2147483683
21425;8805;2147483682
23007;9439;2147483681
23254;9532;2147483680
23902;9798;2147483679
23964;9814;2147483678
24110;9876;2147483677
24240;9940;2147483676
25485;10440;2147483675
28290;11549;2147483674
28678;11705;2147483673
30248;12330;2147483672
30947;12611;2147483671
31542;12861;2147483670
31941;13017;2147483669
31956;13017;2147483668
32045;13048;2147483667
32855;13376;2147483666
33094;13486;2147483665
34878;14204;2147483664
35659;14517;2147483663
38012;15443;2147483662
39226;15943;2147483661
40154;16302;2147483660
43363;17583;2147483659
44533;18052;2147483658
45496;18427;2147483657
49250;19927;2147483656
57198;23105;2147483655
67382;27198;2147483654
74060;29863;2147483653
86242;34768;2147483652
88393;35628;2147483651
185522;73989;2147483650
198825;79235;2147483649
2576303;1012142;96284
2576351;1012173;96280
2576381;1012189;96270
2576406;1012189;96266
2576609;1012282;96262
2576640;1012282;96258
2576665;1012298;96254
2576668;1012298;96250
2576894;1012392;96246
2576934;1012407;96242
2576956;1012423;96241
2576973;1012423;96238
2576989;1012423;96234
2577042;1012454;96230
2577074;1012470;96229
2577076;1012470;96225
2577127;1012485;96182
2577157;1012501;96036
2577177;1012501;96032
2577181;1012517;96028
2577230;1012532;96025
2577298;1012564;95981
2577312;1012564;95977
2577417;1012610;95973
2577433;1012610;95970
2577451;1012626;95930
2577454;1012626;95926
2577502;1012642;95922
2577524;1012657;95918
2577543;1012657;95758
2577566;1012673;95746
2577584;1012673;95743
2577604;1012688;95703
2577656;1012704;95700
2577683;1012720;95696
2577722;1012720;95536
2577739;1012735;95532
2577834;1012767;95528
2577945;1012813;95524
2577949;1012813;95484
2577977;1012829;95445
2578026;1012845;95441
2578052;1012860;95440
2578094;1012876;95436
2578154;1012892;95432
2578172;1012907;95422
2578184;1012907;95418
2578196;1012907;95415
2578260;1012938;95375
2578310;1012954;95219
2578354;1012985;95179
2578365;1012985;95175
2578379;1012985;95171
2578380;1012985;95167
2578401;1013001;95123
2578416;1013001;95119
2578464;1013017;95115
2578479;1013032;95111
2578578;1013079;95107
2578622;1013095;95103
2578722;1013126;95099
2578787;1013157;95095
2578890;1013204;95092
2578925;1013204;94986
2579097;1013282;94826
2579149;1013298;94666
2579151;1013298;94656
2579228;1013329;94652
2579243;1013345;94648
2579270;1013345;94644
2579298;1013360;94640
2579303;1013360;94636
2579544;1013454;94597
2579605;1013485;94594
2579632;1013485;94590
2579663;1013501;94586
2579698;1013516;94550
2579886;1013595;94546
2580075;1013673;94386
2580182;1013720;94382
2580248;1013735;94378
2580262;1013751;94338
2580335;1013782;94334
2580458;1013829;94330
2580499;1013844;94294
2580535;1013860;94254
2580622;1013891;94250
2580725;1013938;94249
2580848;1013985;94245
2581017;1014063;94205
2581059;1014079;94201
2581065;1014079;94041
2581192;1014126;94037
2581299;1014173;94007
2581390;1014204;94003
2581417;1014219;93999
2581418;1014219;93995
2581433;1014219;93955
2581582;1014282;93954
2581609;1014298;93918
2581658;1014313;93914
2581674;1014329;93910
2581747;1014344;93906
2581935;1014438;93903
2582097;1014501;93873
2582374;1014610;93869
2582391;1014626;93865
2582412;1014626;93861
2582446;1014641;93821
2582451;1014641;93785
2582513;1014672;93781
2582530;1014672;93777
2582564;1014688;93617
2582745;1014766;93613
2582773;1014782;93569
2582898;1014829;93529
2582951;1014844;93525
2583115;1014922;93522
2583119;1014922;93482
2583225;1014969;93478
2583245;1014969;93474
2583284;1014985;93470
2583431;1015047;93466
2583433;1015047;93462
2583504;1015079;93302
2583593;1015110;93142
2583655;1015141;92982
2583783;1015188;92978
2583844;1015219;92939
2583858;1015219;92935
2583895;1015235;92931
2583937;1015250;92887
2583981;1015266;92727
2584050;1015297;92687
2584664;1015547;92678
2584681;1015547;92522
2584684;1015547;92416
2584740;1015578;92380
2584750;1015578;92220
2584785;1015594;92217
2585037;1015703;92213
2585162;1015750;92209
2585219;1015782;92205
2585286;1015797;92169
2585327;1015813;92165
2585432;1015860;92129
2585470;1015875;92093
2585507;1015891;92089
2585679;1015953;92049
2585868;1016031;92045
2585880;1016031;92044
2585881;1016031;92040
2586252;1016188;92000
2586305;1016203;91996
2586335;1016219;91995
2586510;1016297;91835
2586681;1016360;91795
2586900;1016453;91791
2586955;1016469;91750
2586997;1016485;91706
2587075;1016516;91662
2587107;1016531;91658
2587231;1016578;91654
2587296;1016609;91617
2587363;1016641;91577
2587398;1016656;91573
2587582;1016719;91572
2587770;1016797;91569
2587778;1016797;91409
2587787;1016797;91405
2587891;1016849;91401
2588055;1016912;91397
2588157;1016959;91393
2588344;1017021;91389
2588363;1017037;91385
2588373;1017037;91381
2588395;1017052;91225
2588883;1017240;91221
2588911;1017256;91061
2588913;1017256;91057
2589072;1017318;91053
2589107;1017334;91049
2589164;1017349;91009
2589197;1017365;90849
2589367;1017443;90805
2589561;1017521;90649
2589815;1017630;90645
2589879;1017662;90641
2589996;1017693;90637
2590271;1017802;90633
2590349;1017834;90597
2590416;1017865;90581
2590560;1017927;90577
2590592;1017943;90576
2590678;1017974;90536
2590701;1017974;90533
2591010;1018099;90529
2591302;1018224;90525
2591440;1018271;90521
2591489;1018302;90508
2591550;1018318;90504
2591937;1018474;90468
2592413;1018661;90428
2592878;1018865;90424
2592918;1018880;90420
2593157;1018974;90419
2593296;1019021;90291
2593315;1019036;90135
2593469;1019099;90091
2593549;1019130;89931
2593796;1019224;89892
2594751;1019614;89888
2594815;1019646;89728
2594908;1019677;89564
2594920;1019692;89560
2595148;1019786;89557
2595163;1019786;89553
2595290;1019833;89447
2595659;1019990;89408
2595946;1020100;89368
2596205;1020209;89212
2596303;1020240;89173
2596653;1020381;89013
2596674;1020396;88977
2597181;1020599;88974
2597463;1020709;88970
2597467;1020724;88930
2597787;1020849;88886
2597897;1020896;88882
2598250;1021037;88846
2598682;1021209;88845
2598706;1021224;88808
2598868;1021287;88804
2598885;1021287;88648
2598891;1021287;88609
2598910;1021302;88605
2599519;1021537;88575
2599696;1021615;88536
2599713;1021615;88380
2599843;1021677;88377
2599916;1021709;88217
2600309;1021865;88213
2600556;1021959;88053
2600917;1022099;88049
2601006;1022146;88045
2601035;1022146;87889
2601694;1022412;87833
2601892;1022505;87830
2602499;1022740;87826
2603430;1023130;87786
2603797;1023271;87626
2604182;1023427;87586
2604234;1023443;87582
2604853;1023708;87581
2604867;1023708;87580
2604990;1023755;87540
2605109;1023802;87536
2605439;1023942;87532
2605466;1023958;87372
2605977;1024161;87368
2606228;1024255;87364
2606239;1024271;87354
2606981;1024567;87350
2607161;1024645;87194
2607469;1024770;87154
2607509;1024786;87150
2608909;1025348;87111
2609073;1025411;87101
2609191;1025458;86941
2609306;1025505;86785
2609700;1025661;86784
2609890;1025739;86780
2610729;1026083;86620
2610802;1026114;86616
2611040;1026208;86612
2611055;1026208;86456
2611132;1026239;86412
2611769;1026504;86402
2611879;1026536;86246
2612015;1026598;86242
2612136;1026645;86238
2612211;1026676;86234
2612239;1026692;86074
2612389;1026754;86070
2612844;1026926;86066
2612885;1026942;85906
2613235;1027082;85862
2614911;1027754;85826
2615352;1027942;85785
2615456;1027973;85781
2615587;1028035;85621
2616332;1028332;85615
2616418;1028363;85611
2616463;1028395;85607
2617193;1028691;85603
2617345;1028754;85563
2617629;1028863;85403
2618090;1029066;85399
2618178;1029098;85355
2618195;1029098;85345
2618258;1029129;85329
2618527;1029238;85290
2618622;1029269;85254
2618640;1029285;85250
2618947;1029410;85090
2619431;1029613;85086
2620014;1029847;85050
2620607;1030082;84890
2620951;1030238;84850
2621078;1030285;84809
2621434;1030426;84663
2621788;1030597;84623
2622556;1030910;84619
2622725;1030972;84615
2622845;1031035;84579
2623187;1031175;84540
2624329;1031628;84384
2626019;1032316;84380
2626738;1032597;84340
2627791;1033019;84180
2627927;1033081;84024
2628715;1033394;83864
2628742;1033409;83860
2628819;1033440;83856
2630625;1034175;83816
2631378;1034472;83812
2632005;1034721;83652
2632634;1034987;83651
2632782;1035050;83647
2632786;1035050;83643
2633115;1035190;83604
2633918;1035518;83600
2634036;1035565;83440
2634197;1035627;83280
2634245;1035643;83277
2634964;1035940;83237
2635029;1035956;83223
2635816;1036284;83187
2636157;1036424;83183
2636609;1036612;83023
2636803;1036690;82863
2636974;1036752;82851
2637397;1036924;82805
2637414;1036940;82645
2637489;1036971;82489
2637890;1037127;82329
2637960;1037158;82201
2638251;1037283;82197
2638804;1037502;82193
2640528;1038208;82189
2640761;1038302;82185
2640773;1038302;82182
2641863;1038755;82176
2642048;1038817;82136
2642984;1039208;82132
2643480;1039395;82004
2643713;1039489;81844
2643816;1039536;81828
2644570;1039848;81668
2644583;1039848;81624
2644634;1039864;81623
2645499;1040223;81619
2650381;1042196;81579
2651651;1042712;81419
2652241;1042946;81259
2652352;1042993;81099
2652970;1043243;81095
2653023;1043258;80935
2653357;1043399;80775
2653431;1043430;80771
2654155;1043711;80735
2655471;1044242;80699
2656129;1044508;80689
2656293;1044586;80653
2657065;1044899;80497
2657482;1045070;80456
2657795;1045195;80416
2658045;1045289;80412
2659305;1045805;80372
2659795;1046008;80212
2659900;1046055;80052
2660058;1046117;80051
2660065;1046117;79891
2660124;1046133;79848
2660224;1046180;79688
2661150;1046554;79684
2661816;1046820;79680
2662043;1046914;79676
2662053;1046914;79633
2664385;1047851;79603
2664479;1047898;79602
2665275;1048210;79442
2667581;1049159;79432
2668853;1049674;79428
2669213;1049815;79272
2669439;1049909;79112
2669670;1050002;78952
2669912;1050096;78915
2670729;1050424;78914
2672876;1051299;78910
2673159;1051408;78750
2674604;1051986;78711
2674663;1052018;78551
2675718;1052439;78548
2675791;1052471;78545
2677424;1053111;78506
2678321;1053470;78350
2678527;1053564;78190
2678950;1053736;78154
2679153;1053814;77998
2680769;1054456;77838
2681742;1054846;77678
2682549;1055170;77522
2684607;1055998;77366
2685585;1056389;77330
2687250;1057060;77291
2690457;1058341;77131
2690549;1058388;77128
2690671;1058435;76972
2691052;1058591;76933
2691961;1058951;76777
2692670;1059247;76741
2693660;1059638;76737
2695938;1060544;76581
2695953;1060560;76421
2696598;1060810;76265
2696828;1060903;76109
2699566;1062012;76072
2700348;1062325;76028
2700506;1062387;76024
2702882;1063340;76023
2703501;1063590;75987
2704071;1063809;75947
2705064;1064215;75787
2705532;1064403;75631
2708058;1065418;75471
2709117;1065840;75311
2709713;1066074;75272
2709866;1066137;75268
2713614;1067640;75108
2715535;1068421;74948
2719790;1070128;74944
2722573;1071253;74784
2722922;1071394;74624
2723730;1071722;74623
2724286;1071940;74619
2726500;1072831;74459
2730018;1074252;74303
2732722;1075335;74143
2732843;1075398;74136
2733502;1075664;74130
2735489;1076445;74090
2737168;1077132;73930
2737636;1077319;73770
2738577;1077710;73766
2738893;1077835;73762
2739219;1077960;73602
2739860;1078225;73566
2740650;1078538;73526
2740672;1078554;73366
2741192;1078757;73210
2741885;1079038;73173
2742757;1079397;73017
2743159;1079553;72861
2744871;1080241;72712
2745526;1080506;72708
2746007;1080709;72707
2747393;1081272;72547
2747661;1081365;72391
2748429;1081693;72355
2749713;1082193;72351
2751273;1082834;72347
2753285;1083633;72311
2753321;1083649;72151
2754721;1084227;71991
2755850;1084680;71987
2756161;1084805;71827
2756451;1084930;71791
2757548;1085367;71755
2757568;1085367;71599
2758105;1085586;71563
2758727;1085836;71403
2760373;1086508;71399
2761144;1086820;71395
2761254;1086851;71239
2761485;1086945;71111
2763703;1087835;71107
2765012;1088367;70947
2765589;1088585;70787
2767276;1089273;70631
2769169;1090023;70605
2769209;1090038;70445
2770193;1090429;70441
2770576;1090585;70437
2770766;1090663;70398
2773184;1091632;70362
2773822;1091882;70202
2777652;1093428;70166
2778027;1093569;70126
2779098;1094008;70123
2779442;1094148;70084
2779761;1094273;69924
2780809;1094695;69768
2781036;1094789;69608
2782345;1095320;69448
2784931;1096351;69288
2785844;1096710;69252
2788828;1097929;69222
2792646;1099444;69186
2792833;1099522;69147
2793138;1099647;69143
2793314;1099710;68987
2799226;1102084;68943
2804018;1104018;68939
2806889;1105174;68935
2807007;1105221;68892
2807452;1105392;68856
2810184;1106502;68853
2810552;1106642;68697
2812048;1107244;68541
2815429;1108618;68381
2823035;1111696;68377
2825545;1112717;68337
2828762;1114003;68177
2830942;1114893;68134
2835099;1116565;67974
2837697;1117611;67970
2838832;1118080;67810
2841495;1119158;67807
2841603;1119189;67651
2845075;1120595;67611
2846358;1121110;67575
2846664;1121235;67571
2846853;1121313;67411
2846995;1121376;67255
2848799;1122100;67095
2852490;1123575;67091
2853332;1123918;66931
2856676;1125262;66771
2856721;1125277;66611
2865627;1128886;66601
2866610;1129312;66441
2873470;1132218;66281
2876010;1133296;66241
2877225;1133780;66081
2877262;1133796;66077
2877347;1133827;65921
2880606;1135155;65761
2883363;1136264;65601
2888734;1138452;65597
2890975;1139358;65441
2897304;1141905;65437
2898545;1142405;65401
2899612;1142826;65365
2901226;1143498;65205
2912712;1148172;65049
2918757;1150594;65045
2922638;1152203;65006
2922803;1152265;64846
2923032;1152359;64806
2931910;1155935;64770
2932544;1156185;64614
2933275;1156481;64458
2944502;1161053;64298
2955637;1165587;64294
2960224;1167462;64134
2965375;1169524;63974
2976745;1174118;63818
2977187;1174290;63814
2977504;1174415;63654
2979603;1175282;63494
2983832;1177011;63484
2984636;1177339;63328
2989450;1179277;63168
2989742;1179401;63127
2990016;1179511;62967
2993391;1180870;62807
2993644;1180964;62651
2995772;1181823;62615
2996275;1182026;62455
2997478;1182526;62295
2999657;1183385;62135
3023125;1192864;62131
3026395;1194176;61971
3026647;1194285;61811
3029058;1195250;61651
3030273;1195750;61495
3031534;1196266;61455
3032123;1196516;61295
3032476;1196656;61135
3035001;1197672;61131
3043912;1201296;61085
3047248;1202624;61081
3053007;1204966;61041
3060630;1208059;60881
3060785;1208122;60721
3071775;1212543;60561
3071913;1212606;60401
3076855;1214591;60400
3080293;1215981;60396
3084152;1217559;60236
3088139;1219180;60076
3088690;1219399;59916
3089167;1219587;59886
3091077;1220368;59882
3095364;1222117;59722
3098871;1223523;59562
3107311;1226960;59402
3108171;1227304;59399
3120812;1232407;59239
3121796;1232797;59079
3122564;1233110;58919
3123795;1233610;58759
3136789;1238843;58599
3137828;1239265;58563
3143102;1241400;58403
3143304;1241478;58243
3152298;1245118;58083
3169439;1252069;57923
3180823;1256699;57763
3182075;1257199;57603
3183473;1257777;57443
3193981;1262046;57407
7225473;2850165;57267
7234093;2853664;57107
7245950;2858440;56951
7250327;2860221;56791
7251621;2860736;56635
7252595;2861127;56475
7256566;2862739;56315
7259474;2863946;56295
7274889;2870157;56252
7300028;2880348;56092
7304161;2882004;56049
7322628;2889502;55889
7326732;2891164;55729
7336134;2894944;55569
7360787;2904925;55533
7369179;2908316;55373
7372996;2909846;55369
7381177;2913174;55329
7435427;2935234;55169
7444703;2938999;55129
7482720;2954406;54969
7499275;2961148;54809
7501794;2962163;54649
7512289;2966491;54489
7543199;2979017;54333
7623305;3011468;54173
7657818;3025407;54169
7742852;3060177;54009
7745237;3061146;53853
7773498;3072554;53693
7801732;3083983;53533
7805360;3085436;53493
7850513;3103808;53333
7861140;3108119;53173
7935252;3138223;53013
7947923;3143363;52973
17426403;6876214;52817
17457097;6888597;52657
17460792;6890095;52650
17512482;6911037;52490
17515301;6912183;52330
17549021;6925868;52170
17612773;6951675;52166
17614654;6952425;52130
17638648;6962111;51970
17730548;6999264;51810
17786858;7022078;51770
17787840;7022469;51734
17806902;7030177;51730
17934870;7081905;51570
17957267;7090941;51534
17957913;7091191;51531
17966819;7094784;51528
18002246;7109199;51368
18072477;7137675;51279
18188797;7184792;51119
18194718;7187193;51080
18205789;7191692;51044
18300418;7230019;51034
18467845;7297945;51030
18723493;7401394;50870
18977385;7504182;50710
63038081;24885859;50658
63043550;24888086;50648
63060637;24895007;50608
63143540;24928582;50607
63188326;24946677;50447
63226949;24962302;50411
63227112;24962380;50371
63239089;24967228;50328
63258312;24975007;50168
63262333;24976616;50008
63280649;24983978;49848
63299500;24991563;49808
63324831;25001827;49805
63345213;25010044;49764
63520439;25080825;49728
63543540;25090184;49724
63728294;25165173;49564
63837700;25209416;49563
63883601;25227925;49523
63959119;25258510;49363
92722366;36634750;49319
92919462;36714821;49159
92946104;36725616;49119
93068066;36775000;49083
93280313;36861383;48923
93337630;36884671;48886
93344672;36887514;48726
93359110;36893368;48687
93670189;37019729;48527
93691730;37028422;48367
93833553;37085949;48207
93838873;37088104;48047
93954104;37134907;47887
94114780;37200219;47727
94414101;37321692;47567
94435703;37330459;47531
94530016;37368790;47525
94743022;37455505;47485
94778668;37470053;47445
94820421;37487074;47285
94887190;37514366;47125
94982882;37553497;47082
95086034;37595613;46922
95196492;37640694;46762
95230088;37654448;46602
95261837;37667418;46442
95518197;37771791;46282
95553324;37786124;46126
95774867;37876271;45966
96034079;37982075;45962
96510482;38176212;45958
97697310;38660113;45928
97703377;38662597;45918
100915300;39973522;45758
#
# name: Hill Climbing RS
# algorithm_class: solver.HillClimbingWithRS
# instance: nbi-spr18
# seed: 2130244937284901692
# bestF: 45758
# DTF: 0
# cost: 45758
# startTime: 1770631869641
# totalTime: 43200006
# totalFEs: 109088210
# maxFEs: 9223372036854775807
# maxMilliSeconds: 43200000
# maxSeconds: 43200
#
<?xml version="1.0" encoding="UTF-8" standalone="no"?>
<solution author="ScholORs" cores="1" country="China and Malaysia" institution="Bejing/Hefei/Malaysia" name="nbi-spr18" runtime="43200" technique="hillclimbingwithrs">
    <class days="0100000" id="1" room="2" start="168" weeks="111111111111111"/>
    <class days="0100000" id="2" room="60" start="180" weeks="111111111111111"/>
    <class days="1000000" id="3" room="60" start="192" weeks="111111111111111"/>
    <class days="0000100" id="4" room="60" start="180" weeks="111111111111111"/>
    <class days="0001000" id="5" room="60" start="192" weeks="111111111111111"/>
    <class days="0100000" id="6" room="62" start="96" weeks="111111111111111"/>
    <class days="0001000" id="7" room="62" start="96" weeks="111111111111111"/>
    <class days="0001000" id="8" start="168" weeks="111111111111111"/>
    <class days="0000100" id="9" room="61" start="132" weeks="111111111111111"/>
    <class days="1000000" id="10" room="62" start="132" weeks="111111111111111"/>
    <class days="0001000" id="11" room="46" start="144" weeks="111111111111111"/>
    <class days="1000000" id="12" room="42" start="156" weeks="111111111111111"/>
    <class days="0000100" id="13" room="18" start="132" weeks="111111111111111"/>
    <class days="1000000" id="14" room="27" start="168" weeks="111111111111111"/>
    <class days="0100000" id="15" room="61" start="168" weeks="111111111111111"/>
    <class days="1000000" id="16" room="62" start="108" weeks="111111111111111"/>
    <class days="0001000" id="17" room="27" start="180" weeks="111111111111111"/>
    <class days="0010000" id="18" room="18" start="168" weeks="111111111111111"/>
    <class days="0001000" id="19" room="27" start="132" weeks="111111111111111"/>
    <class days="0100000" id="20" room="42" start="144" weeks="111111111111111"/>
    <class days="0010000" id="21" room="46" start="120" weeks="111111111111111"/>
    <class days="1000000" id="22" room="17" start="210" weeks="111111111111111"/>
    <class days="0100000" id="23" room="17" start="210" weeks="111111111111111"/>
    <class days="0000100" id="24" room="17" start="210" weeks="111111111111111"/>
    <class days="0001000" id="25" room="17" start="210" weeks="111111111111111"/>
    <class days="0010000" id="26" room="17" start="210" weeks="111111111111111"/>
    <class days="0100000" id="27" room="42" start="210" weeks="111111111111111"/>
    <class days="0000100" id="28" room="42" start="210" weeks="111111111111111"/>
    <class days="0010000" id="29" room="42" start="210" weeks="111111111111111"/>
    <class days="1000000" id="30" room="42" start="210" weeks="111111111111111"/>
    <class days="0001000" id="31" room="42" start="210" weeks="111111111111111"/>
    <class days="0100000" id="32" room="67" start="96" weeks="111111111111111"/>
    <class days="0100000" id="33" room="57" start="132" weeks="111111111111111"/>
    <class days="0001000" id="34" room="4" start="156" weeks="111111111111111"/>
    <class days="1000000" id="35" room="59" start="156" weeks="111111111111111"/>
    <class days="1000000" id="36" room="1" start="120" weeks="111111111111111"/>
    <class days="0010000" id="37" room="1" start="120" weeks="111111111111111"/>
    <class days="0100000" id="38" room="32" start="168" weeks="111111111111111"/>
    <class days="0000100" id="39" room="59" start="120" weeks="111111111111111"/>
    <class days="0001000" id="40" room="39" start="132" weeks="111111111111111"/>
    <class days="0100000" id="41" room="62" start="132" weeks="111111111111111"/>
    <class days="0010000" id="42" room="61" start="168" weeks="111111111111111"/>
    <class days="1000000" id="43" room="36" start="120" weeks="111111111111111"/>
    <class days="0001000" id="44" room="62" start="120" weeks="111111111111111"/>
    <class days="0010000" id="45" room="62" start="120" weeks="111111111111111"/>
    <class days="1000000" id="46" room="36" start="168" weeks="111111111111111"/>
    <class days="1000000" id="47" room="61" start="132" weeks="111111111111111"/>
    <class days="0000100" id="48" room="61" start="180" weeks="111111111111111"/>
    <class days="0001000" id="49" room="37" start="120" weeks="111111111111111"/>
    <class days="0001000" id="50" room="47" start="210" weeks="111111111111111"/>
    <class days="0100000" id="51" room="47" start="210" weeks="111111111111111"/>
    <class days="1000000" id="52" room="47" start="210" weeks="111111111111111"/>
    <class days="0010000" id="53" room="47" start="210" weeks="111111111111111"/>
    <class days="0001000" id="54" start="210" weeks="111111111111111"/>
    <class days="1000000" id="55" room="61" start="156" weeks="111111111111111"/>
    <class days="0010000" id="56" room="37" start="96" weeks="111111111111111"/>
    <class days="0100000" id="57" room="62" start="120" weeks="111111111111111"/>
    <class days="0010000" id="58" room="61" start="132" weeks="111111111111111"/>
    <class days="0001000" id="59" room="36" start="120" weeks="111111111111111"/>
    <class days="0100000" id="60" room="61" start="132" weeks="111111111111111"/>
    <class days="1000000" id="61" room="3" start="132" weeks="111111111111111"/>
    <class days="0100000" id="62" room="61" start="108" weeks="111111111111111"/>
    <class days="0010000" id="63" room="61" start="108" weeks="111111111111111"/>
    <class days="0001000" id="64" room="36" start="168" weeks="111111111111111"/>
    <class days="0001000" id="65" room="61" start="132" weeks="111111111111111"/>
    <class days="0010000" id="66" room="37" start="144" weeks="111111111111111"/>
    <class days="0010000" id="67" room="1" start="108" weeks="111111111111111"/>
    <class days="0010000" id="68" room="55" start="144" weeks="111111111111111"/>
    <class days="0010000" id="69" room="35" start="168" weeks="111111111111111"/>
    <class days="0001000" id="70" room="59" start="168" weeks="111111111111111"/>
    <class days="0010000" id="71" room="59" start="144" weeks="111111111111111"/>
    <class days="0100000" id="72" room="35" start="168" weeks="111111111111111"/>
    <class days="1000000" id="73" room="59" start="96" weeks="111111111111111"/>
    <class days="0010000" id="74" room="61" start="96" weeks="111111111111111"/>
    <class days="0010000" id="75" room="32" start="168" weeks="111111111111111"/>
    <class days="1000000" id="76" room="61" start="108" weeks="111111111111111"/>
    <class days="0000100" id="77" room="59" start="180" weeks="111111111111111"/>
    <class days="0001000" id="78" room="37" start="168" weeks="111111111111111"/>
    <class days="0100000" id="79" room="55" start="96" weeks="111111111111111"/>
    <class days="0100000" id="80" room="37" start="120" weeks="111111111111111"/>
    <class days="1000000" id="81" room="56" start="120" weeks="111111111111111"/>
    <class days="1000000" id="82" room="29" start="168" weeks="111111111111111"/>
    <class days="1000000" id="83" room="1" start="108" weeks="111111111111111"/>
    <class days="0100000" id="84" room="1" start="108" weeks="111111111111111"/>
    <class days="0000100" id="85" room="55" start="132" weeks="111111111111111"/>
    <class days="0000100" id="86" room="61" start="120" weeks="111111111111111"/>
    <class days="0001000" id="87" room="62" start="108" weeks="111111111111111"/>
    <class days="0100000" id="88" room="58" start="120" weeks="111111111111111"/>
    <class days="0000100" id="89" room="55" start="120" weeks="111111111111111"/>
    <class days="0001000" id="90" room="1" start="168" weeks="111111111111111"/>
    <class days="0010000" id="91" room="58" start="168" weeks="111111111111111"/>
    <class days="1000000" id="92" room="67" start="156" weeks="111111111111111"/>
    <class days="1000000" id="93" room="39" start="108" weeks="111111111111111"/>
    <class days="0001000" id="94" room="67" start="120" weeks="111111111111111"/>
    <class days="0001000" id="95" room="2" start="156" weeks="111111111111111"/>
    <class days="0000100" id="96" room="30" start="144" weeks="111111111111111"/>
    <class days="0001000" id="97" room="5" start="168" weeks="111111111111111"/>
    <class days="0000100" id="98" room="67" start="96" weeks="111111111111111"/>
    <class days="0010000" id="99" room="30" start="168" weeks="111111111111111"/>
    <class days="0100000" id="100" room="67" start="168" weeks="111111111111111"/>
    <class days="0001000" id="101" room="6" start="168" weeks="111111111111111"/>
    <class days="0000100" id="102" start="108" weeks="111111111111111"/>
    <class days="0000100" id="103" start="168" weeks="111111111111111"/>
    <class days="0001000" id="104" room="67" start="96" weeks="111111111111111"/>
    <class days="0001000" id="105" room="3" start="120" weeks="111111111111111"/>
    <class days="0010000" id="106" room="67" start="120" weeks="111111111111111"/>
    <class days="0010000" id="107" room="38" start="168" weeks="111111111111111"/>
    <class days="1000000" id="108" room="67" start="120" weeks="111111111111111"/>
    <class days="1000000" id="109" room="35" start="168" weeks="111111111111111"/>
    <class days="0000100" id="110" room="30" start="108" weeks="111111111111111"/>
    <class days="0000100" id="111" room="30" start="168" weeks="111111111111111"/>
    <class days="0000100" id="112" room="9" start="156" weeks="111111111111111"/>
    <class days="1000000" id="113" room="9" start="108" weeks="111111111111111"/>
    <class days="0000100" id="114" room="27" start="96" weeks="111111111111111"/>
    <class days="0001000" id="115" room="11" start="120" weeks="111111111111111"/>
    <class days="0000100" id="116" room="61" start="84" weeks="111111111111111"/>
    <class days="0001000" id="117" room="61" start="96" weeks="111111111111111"/>
    <class days="0000100" id="118" room="27" start="108" weeks="111111111111111"/>
    <class days="0001000" id="119" room="27" start="156" weeks="111111111111111"/>
    <class days="1000000" id="120" room="61" start="120" weeks="111111111111111"/>
    <class days="0000100" id="121" room="62" start="144" weeks="111111111111111"/>
    <class days="0010000" id="122" room="9" start="180" weeks="111111111111111"/>
    <class days="1000000" id="123" room="11" start="168" weeks="111111111111111"/>
    <class days="0001000" id="124" room="11" start="168" weeks="111111111111111"/>
    <class days="0100000" id="125" room="15" start="156" weeks="111111111111111"/>
    <class days="1000000" id="126" room="12" start="108" weeks="111111111111111"/>
    <class days="0100000" id="127" room="9" start="120" weeks="111111111111111"/>
    <class days="0001000" id="128" room="9" start="144" weeks="111111111111111"/>
    <class days="0010000" id="129" room="9" start="120" weeks="111111111111111"/>
    <class days="1000000" id="130" room="7" start="132" weeks="111111111111111"/>
    <class days="0010000" id="131" room="64" start="96" weeks="111111111111111"/>
    <class days="0100000" id="132" room="64" start="144" weeks="111111111111111"/>
    <class days="0010000" id="133" room="64" start="180" weeks="111111111111111"/>
    <class days="0001000" id="134" room="64" start="132" weeks="111111111111111"/>
    <class days="0000100" id="135" room="64" start="120" weeks="111111111111111"/>
    <class days="0010000" id="136" room="64" start="120" weeks="111111111111111"/>
    <class days="1000000" id="137" room="64" start="168" weeks="111111111111111"/>
    <class days="0001000" id="138" room="64" start="144" weeks="111111111111111"/>
    <class days="0100000" id="139" room="64" start="120" weeks="111111111111111"/>
    <class days="0001000" id="140" room="64" start="96" weeks="111111111111111"/>
    <class days="0001000" id="141" room="49" start="210" weeks="111111111111111"/>
    <class days="0100000" id="142" room="49" start="210" weeks="111111111111111"/>
    <class days="0000100" id="143" room="49" start="210" weeks="111111111111111"/>
    <class days="1000000" id="144" room="49" start="210" weeks="111111111111111"/>
    <class days="0100000" id="145" room="53" start="210" weeks="111111111111111"/>
    <class days="1000000" id="146" room="53" start="210" weeks="111111111111111"/>
    <class days="0000100" id="147" room="53" start="210" weeks="111111111111111"/>
    <class days="0001000" id="148" room="53" start="210" weeks="111111111111111"/>
    <class days="0010000" id="149" room="9" start="156" weeks="111111111111111"/>
    <class days="0001000" id="150" room="9" start="192" weeks="111111111111111"/>
    <class days="0000100" id="151" room="64" start="96" weeks="111111111111111"/>
    <class days="0010000" id="152" room="64" start="168" weeks="111111111111111"/>
    <class days="1000000" id="153" room="64" start="96" weeks="111111111111111"/>
    <class days="0100000" id="154" room="64" start="156" weeks="111111111111111"/>
    <class days="0001000" id="155" room="64" start="108" weeks="111111111111111"/>
    <class days="0010000" id="156" room="64" start="132" weeks="111111111111111"/>
    <class days="0100000" id="157" room="64" start="96" weeks="111111111111111"/>
    <class days="1000000" id="158" room="64" start="144" weeks="111111111111111"/>
    <class days="0001000" id="159" room="60" start="120" weeks="111111111111111"/>
    <class days="0010000" id="160" room="60" start="168" weeks="111111111111111"/>
    <class days="1000000" id="161" room="8" start="132" weeks="111111111111111"/>
    <class days="0100000" id="162" room="8" start="132" weeks="111111111111111"/>
    <class days="0010000" id="163" room="13" start="96" weeks="111111111111111"/>
    <class days="1000000" id="164" room="8" start="96" weeks="111111111111111"/>
    <class days="0001000" id="165" room="8" start="108" weeks="111111111111111"/>
    <class days="0000100" id="166" room="60" start="96" weeks="111111111111111"/>
    <class days="0000100" id="167" room="13" start="132" weeks="111111111111111"/>
    <class days="0100000" id="168" room="13" start="144" weeks="111111111111111"/>
    <class days="1000000" id="169" room="60" start="156" weeks="111111111111111"/>
    <class days="0100000" id="170" room="60" start="156" weeks="111111111111111"/>
    <class days="1000000" id="171" room="10" start="108" weeks="111111111111111"/>
    <class days="0000100" id="172" room="10" start="120" weeks="111111111111111"/>
    <class days="0010000" id="173" room="10" start="120" weeks="111111111111111"/>
    <class days="0000100" id="174" room="9" start="132" weeks="111111111111111"/>
    <class days="0010000" id="175" room="62" start="108" weeks="111111111111111"/>
    <class days="0010000" id="176" room="60" start="192" weeks="111111111111111"/>
    <class days="0000100" id="177" room="60" start="144" weeks="111111111111111"/>
    <class days="0000100" id="178" room="12" start="108" weeks="111111111111111"/>
    <class days="1000000" id="179" room="15" start="168" weeks="111111111111111"/>
    <class days="0001000" id="180" room="15" start="132" weeks="111111111111111"/>
    <class days="0010000" id="181" room="15" start="120" weeks="111111111111111"/>
    <class days="0100000" id="182" room="27" start="84" weeks="111111111111111"/>
    <class days="0010000" id="183" room="27" start="84" weeks="111111111111111"/>
    <class days="0010000" id="184" room="9" start="144" weeks="111111111111111"/>
    <class days="0001000" id="185" room="61" start="168" weeks="111111111111111"/>
    <class days="0010000" id="186" room="62" start="132" weeks="111111111111111"/>
    <class days="1000000" id="187" room="9" start="96" weeks="111111111111111"/>
    <class days="0010000" id="188" room="27" start="96" weeks="111111111111111"/>
    <class days="0001000" id="189" room="9" start="96" weeks="111111111111111"/>
    <class days="0001000" id="190" room="62" start="144" weeks="111111111111111"/>
    <class days="0000100" id="191" room="9" start="96" weeks="111111111111111"/>
    <class days="0000100" id="192" room="18" start="96" weeks="111111111111111"/>
    <class days="0010000" id="193" room="9" start="96" weeks="111111111111111"/>
    <class days="0000100" id="194" room="62" start="168" weeks="111111111111111"/>
    <class days="0100000" id="195" room="61" start="156" weeks="111111111111111"/>
    <class days="1000000" id="196" room="13" start="168" weeks="111111111111111"/>
    <class days="0001000" id="197" room="13" start="168" weeks="111111111111111"/>
    <class days="0010000" id="198" room="62" start="156" weeks="111111111111111"/>
    <class days="0000100" id="199" room="62" start="120" weeks="111111111111111"/>
    <class days="0000100" id="200" room="9" start="192" weeks="111111111111111"/>
    <class days="0000100" id="201" room="10" start="156" weeks="111111111111111"/>
    <class days="0000100" id="202" room="13" start="96" weeks="111111111111111"/>
    <class days="0100000" id="203" room="9" start="156" weeks="111111111111111"/>
    <class days="1000000" id="204" room="9" start="144" weeks="111111111111111"/>
    <class days="0001000" id="205" room="9" start="108" weeks="111111111111111"/>
    <class days="1000000" id="206" room="9" start="156" weeks="111111111111111"/>
    <class days="0001000" id="207" room="15" start="168" weeks="111111111111111"/>
    <class days="1000000" id="208" room="15" start="96" weeks="111111111111111"/>
    <class days="0000100" id="209" room="15" start="168" weeks="111111111111111"/>
    <class days="0001000" id="210" room="15" start="96" weeks="111111111111111"/>
    <class days="0100000" id="211" room="15" start="96" weeks="111111111111111"/>
    <class days="0000100" id="212" room="15" start="96" weeks="111111111111111"/>
    <class days="0100000" id="213" room="27" start="168" weeks="111111111111111"/>
    <class days="0001000" id="214" room="60" start="168" weeks="111111111111111"/>
    <class days="0000100" id="215" room="15" start="132" weeks="111111111111111"/>
    <class days="0100000" id="216" room="14" start="144" weeks="111111111111111"/>
    <class days="0001000" id="217" room="14" start="156" weeks="111111111111111"/>
    <class days="0100000" id="218" room="14" start="96" weeks="111111111111111"/>
    <class days="0001000" id="219" room="14" start="120" weeks="111111111111111"/>
    <class days="0010000" id="220" room="14" start="96" weeks="111111111111111"/>
    <class days="0010000" id="221" room="14" start="132" weeks="111111111111111"/>
    <class days="0001000" id="222" room="14" start="168" weeks="111111111111111"/>
    <class days="0000100" id="223" room="14" start="120" weeks="111111111111111"/>
    <class days="0000100" id="224" room="14" start="96" weeks="111111111111111"/>
    <class days="0100000" id="225" room="14" start="120" weeks="111111111111111"/>
    <class days="1000000" id="226" room="14" start="108" weeks="111111111111111"/>
    <class days="1000000" id="227" room="14" start="156" weeks="111111111111111"/>
    <class days="0100000" id="228" start="96" weeks="111111111111111"/>
    <class days="0001000" id="229" start="120" weeks="111111111111111"/>
    <class days="0001000" id="230" room="61" start="180" weeks="111111111111111"/>
    <class days="0001000" id="231" room="9" start="168" weeks="111111111111111"/>
    <class days="1000000" id="232" room="15" start="132" weeks="111111111111111"/>
    <class days="1000000" id="233" room="11" start="120" weeks="111111111111111"/>
    <class days="1000000" id="234" room="11" start="204" weeks="111111111111111"/>
    <class days="0000100" id="235" room="11" start="168" weeks="111111111111111"/>
    <class days="0010000" id="236" room="61" start="180" weeks="111111111111111"/>
    <class days="0001000" id="237" room="9" start="132" weeks="111111111111111"/>
    <class days="0010000" id="238" room="11" start="132" weeks="111111111111111"/>
    <class days="0000100" id="239" room="11" start="120" weeks="111111111111111"/>
    <class days="0100000" id="240" room="15" start="120" weeks="111111111111111"/>
    <class days="0000100" id="241" room="9" start="120" weeks="111111111111111"/>
    <class days="1000000" id="242" room="9" start="180" weeks="111111111111111"/>
    <class days="0100000" id="243" room="62" start="180" weeks="111111111111111"/>
    <class days="1000000" id="244" room="13" start="144" weeks="111111111111111"/>
    <class days="0010000" id="245" room="62" start="168" weeks="111111111111111"/>
    <class days="0100000" id="246" room="11" start="120" weeks="111111111111111"/>
    <class days="0100000" id="247" room="11" start="144" weeks="111111111111111"/>
    <class days="0000100" id="248" room="7" start="156" weeks="111111111111111"/>
    <class days="1000000" id="249" room="9" start="132" weeks="111111111111111"/>
    <class days="0010000" id="250" room="15" start="96" weeks="111111111111111"/>
    <class days="0010000" id="251" room="15" start="156" weeks="111111111111111"/>
    <class days="0100000" id="252" room="9" start="180" weeks="111111111111111"/>
    <class days="0010000" id="253" room="9" start="168" weeks="111111111111111"/>
    <class days="0100000" id="254" room="9" start="96" weeks="111111111111111"/>
    <class days="0000100" id="255" room="11" start="108" weeks="111111111111111"/>
    <class days="0100000" id="256" room="14" start="168" weeks="111111111111111"/>
    <class days="1000000" id="257" room="14" start="96" weeks="111111111111111"/>
    <class days="0000100" id="258" room="14" start="132" weeks="111111111111111"/>
    <class days="0001000" id="259" room="14" start="132" weeks="111111111111111"/>
    <class days="1000000" id="260" room="14" start="180" weeks="111111111111111"/>
    <class days="0010000" id="261" room="14" start="144" weeks="111111111111111"/>
    <class days="0000100" id="262" room="14" start="168" weeks="111111111111111"/>
    <class days="0001000" id="263" room="14" start="144" weeks="111111111111111"/>
    <class days="0010000" id="264" room="14" start="168" weeks="111111111111111"/>
    <class days="0001000" id="265" room="14" start="96" weeks="111111111111111"/>
    <class days="0010000" id="266" room="27" start="144" weeks="111111111111111"/>
    <class days="0001000" id="267" room="50" start="168" weeks="111111111111111"/>
    <class days="0010000" id="268" room="50" start="144" weeks="111111111111111"/>
    <class days="0010000" id="269" room="51" start="168" weeks="111111111111111"/>
    <class days="0100000" id="270" room="51" start="144" weeks="111111111111111"/>
    <class days="1000000" id="271" room="17" start="108" weeks="111111111111111"/>
    <class days="0000100" id="272" room="27" start="192" weeks="111111111111111"/>
    <class days="1000000" id="273" room="50" start="108" weeks="111111111111111"/>
    <class days="0001000" id="274" room="50" start="132" weeks="111111111111111"/>
    <class days="0010000" id="275" room="27" start="192" weeks="111111111111111"/>
    <class days="0010000" id="276" room="50" start="192" weeks="111111111111111"/>
    <class days="0000100" id="277" room="50" start="96" weeks="111111111111111"/>
    <class days="0010000" id="278" room="50" start="120" weeks="111111111111111"/>
    <class days="1000000" id="279" room="50" start="192" weeks="111111111111111"/>
    <class days="0001000" id="280" room="50" start="192" weeks="111111111111111"/>
    <class days="1000000" id="281" room="52" start="132" weeks="111111111111111"/>
    <class days="1000000" id="282" room="50" start="132" weeks="111111111111111"/>
    <class days="0000100" id="283" room="50" start="192" weeks="111111111111111"/>
    <class days="1000000" id="284" room="48" start="96" weeks="111111111111111"/>
    <class days="1000000" id="285" room="48" start="120" weeks="111111111111111"/>
    <class days="0001000" id="286" room="51" start="120" weeks="111111111111111"/>
    <class days="0001000" id="287" room="50" start="96" weeks="111111111111111"/>
    <class days="0001000" id="288" room="48" start="132" weeks="111111111111111"/>
    <class days="0100000" id="289" room="17" start="108" weeks="111111111111111"/>
    <class days="0100000" id="290" room="50" start="192" weeks="111111111111111"/>
    <class days="0010000" id="291" room="17" start="156" weeks="111111111111111"/>
    <class days="0010000" id="292" room="50" start="96" weeks="111111111111111"/>
    <class days="0001000" id="293" room="48" start="96" weeks="111111111111111"/>
    <class days="1000000" id="294" room="50" start="168" weeks="111111111111111"/>
    <class days="0000100" id="295" room="48" start="156" weeks="111111111111111"/>
    <class days="0000100" id="296" room="48" start="132" weeks="111111111111111"/>
    <class days="0100000" id="297" room="48" start="96" weeks="111111111111111"/>
    <class days="0000100" id="298" room="52" start="168" weeks="111111111111111"/>
    <class days="0000100" id="299" room="64" start="168" weeks="111111111111111"/>
    <class days="0001000" id="300" room="64" start="156" weeks="111111111111111"/>
    <class days="0100000" id="301" room="48" start="192" weeks="111111111111111"/>
    <class days="0001000" id="302" room="48" start="168" weeks="111111111111111"/>
    <class days="0100000" id="303" room="52" start="96" weeks="111111111111111"/>
    <class days="0010000" id="304" room="48" start="96" weeks="111111111111111"/>
    <class days="0001000" id="305" room="48" start="192" weeks="111111111111111"/>
    <class days="0010000" id="306" room="48" start="156" weeks="111111111111111"/>
    <class days="1000000" id="307" room="51" start="168" weeks="111111111111111"/>
    <class days="0010000" id="308" room="52" start="96" weeks="111111111111111"/>
    <class days="1000000" id="309" room="52" start="96" weeks="111111111111111"/>
    <class days="0001000" id="310" room="51" start="96" weeks="111111111111111"/>
    <class days="0100000" id="311" room="50" start="96" weeks="111111111111111"/>
    <class days="0000100" id="312" room="48" start="96" weeks="111111111111111"/>
    <class days="0100000" id="313" room="50" start="156" weeks="111111111111111"/>
    <class days="0010000" id="314" room="52" start="120" weeks="111111111111111"/>
    <class days="0010000" id="315" room="48" start="180" weeks="111111111111111"/>
    <class days="0100000" id="316" room="51" start="168" weeks="111111111111111"/>
    <class days="1000000" id="317" room="48" start="192" weeks="111111111111111"/>
    <class days="0100000" id="318" room="48" start="132" weeks="111111111111111"/>
    <class days="0000100" id="319" room="51" start="96" weeks="111111111111111"/>
    <class days="0010000" id="320" room="51" start="96" weeks="111111111111111"/>
    <class days="0000100" id="321" room="48" start="192" weeks="111111111111111"/>
    <class days="0001000" id="322" room="51" start="168" weeks="111111111111111"/>
    <class days="0010000" id="323" room="51" start="120" weeks="111111111111111"/>
    <class days="0000100" id="324" room="52" start="144" weeks="111111111111111"/>
    <class days="0000100" id="325" room="51" start="132" weeks="111111111111111"/>
    <class days="0100000" id="326" room="48" start="168" weeks="111111111111111"/>
    <class days="0000100" id="327" room="50" start="156" weeks="111111111111111"/>
    <class days="0001000" id="328" room="51" start="144" weeks="111111111111111"/>
    <class days="0100000" id="329" room="1" start="132" weeks="111111111111111"/>
    <class days="0000100" id="330" room="56" start="144" weeks="111111111111111"/>
    <class days="1000000" id="331" room="37" start="120" weeks="111111111111111"/>
    <class days="0100000" id="332" room="55" start="120" weeks="111111111111111"/>
    <class days="0001000" id="333" room="1" start="120" weeks="111111111111111"/>
    <class days="0010000" id="334" room="36" start="120" weeks="111111111111111"/>
    <class days="0001000" id="335" room="59" start="120" weeks="111111111111111"/>
    <class days="0100000" id="336" room="34" start="168" weeks="111111111111111"/>
    <class days="0100000" id="337" room="46" start="96" weeks="111111111111111"/>
    <class days="1000000" id="338" room="46" start="144" weeks="111111111111111"/>
    <class days="0100000" id="339" room="27" start="144" weeks="111111111111111"/>
    <class days="1000000" id="340" room="18" start="132" weeks="111111111111111"/>
    <class days="0010000" id="341" room="60" start="108" weeks="111111111111111"/>
    <class days="1000000" id="342" room="60" start="144" weeks="111111111111111"/>
    <class days="0001000" id="343" room="60" start="144" weeks="111111111111111"/>
    <class days="0100000" id="344" room="60" start="108" weeks="111111111111111"/>
    <class days="0001000" id="345" room="62" start="156" weeks="111111111111111"/>
    <class days="0100000" id="346" room="18" start="120" weeks="111111111111111"/>
    <class days="0010000" id="347" room="42" start="96" weeks="111111111111111"/>
    <class days="0100000" id="348" room="27" start="132" weeks="111111111111111"/>
    <class days="1000000" id="349" start="180" weeks="111111111111111"/>
    <class days="0010000" id="350" start="96" weeks="111111111111111"/>
    <class days="1000000" id="351" room="65" start="144" weeks="111111111111111"/>
    <class days="0010000" id="352" room="46" start="96" weeks="111111111111111"/>
    <class days="1000000" id="353" room="60" start="96" weeks="111111111111111"/>
    <class days="0100000" id="354" room="60" start="168" weeks="111111111111111"/>
    <class days="1000000" id="355" room="60" start="120" weeks="111111111111111"/>
    <class days="0001000" id="356" room="60" start="156" weeks="111111111111111"/>
    <class days="0100000" id="357" room="46" start="156" weeks="111111111111111"/>
    <class days="0010000" id="358" room="46" start="108" weeks="111111111111111"/>
    <class days="0000100" id="359" room="60" start="120" weeks="111111111111111"/>
    <class days="0100000" id="360" room="60" start="132" weeks="111111111111111"/>
    <class days="0000100" id="361" room="65" start="156" weeks="111111111111111"/>
    <class days="0100000" id="362" room="65" start="108" weeks="111111111111111"/>
    <class days="1000000" id="363" room="60" start="168" weeks="111111111111111"/>
    <class days="0010000" id="364" room="60" start="156" weeks="111111111111111"/>
    <class days="0000100" id="365" room="17" start="144" weeks="111111111111111"/>
    <class days="0001000" id="366" room="17" start="192" weeks="111111111111111"/>
    <class days="0100000" id="367" room="18" start="96" weeks="111111111111111"/>
    <class days="0010000" id="368" room="18" start="96" weeks="111111111111111"/>
    <class days="0010000" id="369" room="65" start="144" weeks="111111111111111"/>
    <class days="0001000" id="370" room="65" start="156" weeks="111111111111111"/>
    <class days="1000000" id="371" room="61" start="180" weeks="111111111111111"/>
    <class days="0010000" id="372" room="62" start="192" weeks="111111111111111"/>
    <class days="0010000" id="373" room="18" start="144" weeks="111111111111111"/>
    <class days="1000000" id="374" room="18" start="144" weeks="111111111111111"/>
    <class days="0001000" id="375" room="17" start="168" weeks="111111111111111"/>
    <class days="1000000" id="376" room="17" start="96" weeks="111111111111111"/>
    <class days="0001000" id="377" start="168" weeks="111111111111111"/>
    <class days="0010000" id="378" start="156" weeks="111111111111111"/>
    <class days="0000100" id="379" room="22" start="108" weeks="111111111111111"/>
    <class days="0010000" id="380" room="22" start="168" weeks="111111111111111"/>
    <class days="0001000" id="381" room="18" start="132" weeks="111111111111111"/>
    <class days="0010000" id="382" room="27" start="180" weeks="111111111111111"/>
    <class days="0100000" id="383" room="18" start="156" weeks="111111111111111"/>
    <class days="0100000" id="384" room="18" start="144" weeks="111111111111111"/>
    <class days="0001000" id="385" room="18" start="96" weeks="111111111111111"/>
    <class days="0000100" id="386" room="18" start="120" weeks="111111111111111"/>
    <class days="0000100" id="387" room="18" start="180" weeks="111111111111111"/>
    <class days="0001000" id="388" room="18" start="156" weeks="111111111111111"/>
    <class days="1000000" id="389" room="62" start="168" weeks="111111111111111"/>
    <class days="0100000" id="390" room="62" start="168" weeks="111111111111111"/>
    <class days="0100000" id="391" room="18" start="180" weeks="111111111111111"/>
    <class days="0001000" id="392" room="42" start="192" weeks="111111111111111"/>
    <class days="0000100" id="393" room="66" start="132" weeks="111111111111111"/>
    <class days="0001000" id="394" room="26" start="120" weeks="111111111111111"/>
    <class days="0001000" id="395" room="61" start="108" weeks="111111111111111"/>
    <class days="1000000" id="396" room="18" start="96" weeks="111111111111111"/>
    <class days="0010000" id="397" room="18" start="120" weeks="111111111111111"/>
    <class days="0001000" id="398" room="62" start="132" weeks="111111111111111"/>
    <class days="1000000" id="399" start="156" weeks="111111111111111"/>
    <class days="1000000" id="400" start="96" weeks="111111111111111"/>
    <class days="0100000" id="401" room="26" start="156" weeks="111111111111111"/>
    <class days="0001000" id="402" room="17" start="96" weeks="111111111111111"/>
    <class days="0010000" id="403" room="26" start="132" weeks="111111111111111"/>
    <class days="0000100" id="404" room="26" start="96" weeks="111111111111111"/>
    <class days="1000000" id="405" room="26" start="168" weeks="111111111111111"/>
    <class days="0100000" id="406" room="26" start="144" weeks="111111111111111"/>
    <class days="0000100" id="407" start="156" weeks="111111111111111"/>
    <class days="0000100" id="408" start="132" weeks="111111111111111"/>
    <class days="0001000" id="409" room="65" start="120" weeks="111111111111111"/>
    <class days="0100000" id="410" room="66" start="120" weeks="111111111111111"/>
    <class days="0001000" id="411" room="66" start="96" weeks="111111111111111"/>
    <class days="1000000" id="412" room="47" start="120" weeks="111111111111111"/>
    <class days="0010000" id="413" room="26" start="96" weeks="111111111111111"/>
    <class days="0001000" id="414" start="120" weeks="111111111111111"/>
    <class days="1000000" id="415" room="22" start="108" weeks="111111111111111"/>
    <class days="0010000" id="416" room="66" start="168" weeks="111111111111111"/>
    <class days="0010000" id="417" room="47" start="120" weeks="111111111111111"/>
    <class days="0001000" id="418" room="26" start="144" weeks="111111111111111"/>
    <class days="0000100" id="419" room="17" start="96" weeks="111111111111111"/>
    <class days="0100000" id="420" room="17" start="132" weeks="111111111111111"/>
    <class days="0001000" id="421" room="26" start="108" weeks="111111111111111"/>
    <class days="0010000" id="422" room="26" start="156" weeks="111111111111111"/>
    <class days="0100000" id="423" room="17" start="96" weeks="111111111111111"/>
    <class days="1000000" id="424" room="26" start="96" weeks="111111111111111"/>
    <class days="1000000" id="425" room="26" start="120" weeks="111111111111111"/>
    <class days="0000100" id="426" room="47" start="108" weeks="111111111111111"/>
    <class days="0001000" id="427" room="26" start="132" weeks="111111111111111"/>
    <class days="0000100" id="428" room="17" start="168" weeks="111111111111111"/>
    <class days="1000000" id="429" room="26" start="132" weeks="111111111111111"/>
    <class days="1000000" id="430" room="49" start="168" weeks="111111111111111"/>
    <class days="0001000" id="431" room="44" start="132" weeks="111111111111111"/>
    <class days="0010000" id="432" room="49" start="144" weeks="111111111111111"/>
    <class days="1000000" id="433" room="49" start="132" weeks="111111111111111"/>
    <class days="0000100" id="434" room="49" start="168" weeks="111111111111111"/>
    <class days="0010000" id="435" room="54" start="108" weeks="111111111111111"/>
    <class days="1000000" id="436" room="54" start="168" weeks="111111111111111"/>
    <class days="0000100" id="437" room="26" start="168" weeks="111111111111111"/>
    <class days="0000100" id="438" room="54" start="168" weeks="111111111111111"/>
    <class days="0001000" id="439" room="54" start="120" weeks="111111111111111"/>
    <class days="0001000" id="440" room="18" start="168" weeks="111111111111111"/>
    <class days="1000000" id="441" room="26" start="144" weeks="111111111111111"/>
    <class days="0010000" id="442" room="17" start="96" weeks="111111111111111"/>
    <class days="0001000" id="443" room="17" start="108" weeks="111111111111111"/>
    <class days="1000000" id="444" room="17" start="132" weeks="111111111111111"/>
    <class days="0001000" id="445" room="17" start="144" weeks="111111111111111"/>
    <class days="0000100" id="446" room="26" start="144" weeks="111111111111111"/>
    <class days="0100000" id="447" room="17" start="168" weeks="111111111111111"/>
    <class days="0100000" id="448" room="49" start="96" weeks="111111111111111"/>
    <class days="0000100" id="449" room="49" start="108" weeks="111111111111111"/>
    <class days="0100000" id="450" room="49" start="144" weeks="111111111111111"/>
    <class days="0000100" id="451" room="17" start="108" weeks="111111111111111"/>
    <class days="0000100" id="452" room="26" start="120" weeks="111111111111111"/>
    <class days="0010000" id="453" room="49" start="96" weeks="111111111111111"/>
    <class days="0001000" id="454" room="49" start="168" weeks="111111111111111"/>
    <class days="0010000" id="455" room="17" start="120" weeks="111111111111111"/>
    <class days="1000000" id="456" room="49" start="96" weeks="111111111111111"/>
    <class days="0001000" id="457" room="49" start="96" weeks="111111111111111"/>
    <class days="0010000" id="458" room="49" start="120" weeks="111111111111111"/>
    <class days="0100000" id="459" room="49" start="168" weeks="111111111111111"/>
    <class days="0100000" id="460" room="49" start="120" weeks="111111111111111"/>
    <class days="0000100" id="461" room="49" start="132" weeks="111111111111111"/>
    <class days="1000000" id="462" room="17" start="168" weeks="111111111111111"/>
    <class days="0100000" id="463" room="54" start="108" weeks="111111111111111"/>
    <class days="1000000" id="464" room="54" start="96" weeks="111111111111111"/>
    <class days="0000100" id="465" room="54" start="108" weeks="111111111111111"/>
    <class days="0010000" id="466" room="44" start="132" weeks="111111111111111"/>
    <class days="0001000" id="467" room="49" start="144" weeks="111111111111111"/>
    <class days="0000100" id="468" start="120" weeks="111111111111111"/>
    <class days="0010000" id="469" start="96" weeks="111111111111111"/>
    <class days="0000100" id="470" room="44" start="156" weeks="111111111111111"/>
    <class days="1000000" id="471" room="44" start="96" weeks="111111111111111"/>
    <class days="0001000" id="472" room="54" start="96" weeks="111111111111111"/>
    <class days="0010000" id="473" room="49" start="168" weeks="111111111111111"/>
    <class days="0100000" id="474" room="53" start="96" weeks="111111111111111"/>
    <class days="1000000" id="475" room="53" start="96" weeks="111111111111111"/>
    <class days="0001000" id="476" room="53" start="168" weeks="111111111111111"/>
    <class days="1000000" id="477" room="53" start="144" weeks="111111111111111"/>
    <class days="0100000" id="478" room="53" start="120" weeks="111111111111111"/>
    <class days="0010000" id="479" room="53" start="144" weeks="111111111111111"/>
    <class days="0000100" id="480" room="53" start="180" weeks="111111111111111"/>
    <class days="0100000" id="481" room="53" start="144" weeks="111111111111111"/>
    <class days="1000000" id="482" room="53" start="168" weeks="111111111111111"/>
    <class days="0010000" id="483" room="53" start="120" weeks="111111111111111"/>
    <class days="0001000" id="484" room="53" start="144" weeks="111111111111111"/>
    <class days="0000100" id="485" room="53" start="96" weeks="111111111111111"/>
    <class days="0010000" id="486" room="53" start="180" weeks="111111111111111"/>
    <class days="1000000" id="487" room="53" start="120" weeks="111111111111111"/>
    <class days="0000100" id="488" room="53" start="120" weeks="111111111111111"/>
    <class days="0001000" id="489" room="53" start="120" weeks="111111111111111"/>
    <class days="0000100" id="490" room="53" start="144" weeks="111111111111111"/>
    <class days="0100000" id="491" room="53" start="168" weeks="111111111111111"/>
    <class days="0010000" id="492" room="53" start="96" weeks="111111111111111"/>
    <class days="0001000" id="493" room="53" start="96" weeks="111111111111111"/>
    <class days="0100000" id="494" start="96" weeks="111111111111111"/>
    <class days="1000000" id="495" start="96" weeks="111111111111111"/>
    <class days="0010000" id="496" room="49" start="210" weeks="111111111111111"/>
    <class days="0001000" id="497" room="21" start="96" weeks="111111111111111"/>
    <class days="0000100" id="498" room="21" start="204" weeks="111111111111111"/>
    <class days="0010000" id="499" room="21" start="168" weeks="111111111111111"/>
    <class days="1000000" id="500" room="21" start="144" weeks="111111111111111"/>
    <class days="1000000" id="501" room="42" start="132" weeks="111111111111111"/>
    <class days="0000100" id="502" room="42" start="156" weeks="111111111111111"/>
    <class days="1000000" id="503" room="24" start="168" weeks="111111111111111"/>
    <class days="0100000" id="504" room="42" start="96" weeks="111111111111111"/>
    <class days="0000100" id="505" room="42" start="144" weeks="111111111111111"/>
    <class days="0001000" id="506" room="24" start="192" weeks="111111111111111"/>
    <class days="0001000" id="507" room="63" start="156" weeks="111111111111111"/>
    <class days="0000100" id="508" room="24" start="156" weeks="111111111111111"/>
    <class days="0001000" id="509" room="41" start="108" weeks="111111111111111"/>
    <class days="0001000" id="510" room="63" start="96" weeks="111111111111111"/>
    <class days="0000100" id="511" room="24" start="108" weeks="111111111111111"/>
    <class days="0010000" id="512" room="63" start="96" weeks="111111111111111"/>
    <class days="0001000" id="513" room="21" start="168" weeks="111111111111111"/>
    <class days="0100000" id="514" room="24" start="120" weeks="111111111111111"/>
    <class days="0000100" id="515" room="25" start="192" weeks="111111111111111"/>
    <class days="0100000" id="516" room="63" start="156" weeks="111111111111111"/>
    <class days="1000000" id="517" room="63" start="108" weeks="111111111111111"/>
    <class days="0001000" id="518" room="27" start="96" weeks="111111111111111"/>
    <class days="0010000" id="519" room="52" start="168" weeks="111111111111111"/>
    <class days="0000100" id="520" room="52" start="96" weeks="111111111111111"/>
    <class days="0001000" id="521" room="52" start="96" weeks="111111111111111"/>
    <class days="0000100" id="522" room="50" start="132" weeks="111111111111111"/>
    <class days="1000000" id="523" room="52" start="168" weeks="111111111111111"/>
    <class days="0000100" id="524" room="52" start="120" weeks="111111111111111"/>
    <class days="0010000" id="525" room="48" start="120" weeks="111111111111111"/>
    <class days="1000000" id="526" room="51" start="132" weeks="111111111111111"/>
    <class days="1000000" id="527" room="27" start="96" weeks="111111111111111"/>
    <class days="0100000" id="528" room="50" start="132" weeks="111111111111111"/>
    <class days="0100000" id="529" room="52" start="156" weeks="111111111111111"/>
    <class days="0010000" id="530" room="52" start="144" weeks="111111111111111"/>
    <class days="1000000" id="531" room="51" start="96" weeks="111111111111111"/>
    <class days="0100000" id="532" room="51" start="96" weeks="111111111111111"/>
    <class days="1000000" id="533" room="48" start="156" weeks="111111111111111"/>
    <class days="0000100" id="534" room="51" start="168" weeks="111111111111111"/>
    <class days="0100000" id="535" room="52" start="192" weeks="111111111111111"/>
    <class days="0001000" id="536" room="52" start="132" weeks="111111111111111"/>
    <class days="0010000" id="537" room="50" start="156" weeks="111111111111111"/>
    <class days="0100000" id="538" room="51" start="120" weeks="111111111111111"/>
    <class days="0001000" id="539" room="52" start="156" weeks="111111111111111"/>
    <class days="0100000" id="540" room="27" start="192" weeks="111111111111111"/>
    <class days="1000000" id="541" room="27" start="132" weeks="111111111111111"/>
    <class days="0010000" id="542" room="27" start="108" weeks="111111111111111"/>
    <class days="0000100" id="543" room="27" start="132" weeks="111111111111111"/>
    <class days="0100000" id="544" room="27" start="96" weeks="111111111111111"/>
    <class days="1000000" id="545" room="27" start="192" weeks="111111111111111"/>
    <class days="0000100" id="546" room="46" start="168" weeks="111111111111111"/>
    <class days="0000100" id="547" room="46" start="132" weeks="111111111111111"/>
    <class days="0010000" id="548" room="19" start="168" weeks="111111111111111"/>
    <class days="0000100" id="549" room="60" start="156" weeks="111111111111111"/>
    <class days="0100000" id="550" room="60" start="96" weeks="111111111111111"/>
    <class days="0001000" id="551" room="19" start="120" weeks="111111111111111"/>
    <class days="1000000" id="552" room="42" start="168" weeks="111111111111111"/>
    <class days="0100000" id="553" room="41" start="96" weeks="111111111111111"/>
    <class days="0000100" id="554" room="42" start="120" weeks="111111111111111"/>
    <class days="0100000" id="555" room="42" start="192" weeks="111111111111111"/>
    <class days="0000100" id="556" room="42" start="168" weeks="111111111111111"/>
    <class days="0001000" id="557" room="42" start="180" weeks="111111111111111"/>
    <class days="0001000" id="558" room="25" start="168" weeks="111111111111111"/>
    <class days="1000000" id="559" room="23" start="168" weeks="111111111111111"/>
    <class days="0100000" id="560" room="23" start="168" weeks="111111111111111"/>
    <class days="0000100" id="561" room="23" start="108" weeks="111111111111111"/>
    <class days="0010000" id="562" room="60" start="132" weeks="111111111111111"/>
    <class days="0100000" id="563" room="46" start="144" weeks="111111111111111"/>
    <class days="1000000" id="564" room="19" start="156" weeks="111111111111111"/>
    <class days="0001000" id="565" room="46" start="96" weeks="111111111111111"/>
    <class days="1000000" id="566" room="46" start="204" weeks="111111111111111"/>
    <class days="0100000" id="567" room="19" start="156" weeks="111111111111111"/>
    <class days="0100000" id="568" room="24" start="96" weeks="111111111111111"/>
    <class days="0100000" id="569" room="24" start="180" weeks="111111111111111"/>
    <class days="0001000" id="570" room="23" start="156" weeks="111111111111111"/>
    <class days="0100000" id="571" room="21" start="204" weeks="111111111111111"/>
    <class days="0100000" id="572" room="21" start="96" weeks="111111111111111"/>
    <class days="0010000" id="573" room="42" start="168" weeks="111111111111111"/>
    <class days="0001000" id="574" room="42" start="96" weeks="111111111111111"/>
    <class days="0100000" id="575" room="20" start="168" weeks="111111111111111"/>
    <class days="0000100" id="576" room="23" start="168" weeks="111111111111111"/>
    <class days="0010000" id="577" room="23" start="168" weeks="111111111111111"/>
    <class days="1000000" id="578" room="24" start="120" weeks="111111111111111"/>
    <class days="0001000" id="579" room="24" start="132" weeks="111111111111111"/>
    <class days="1000000" id="580" room="42" start="96" weeks="111111111111111"/>
    <class days="0000100" id="581" room="42" start="108" weeks="111111111111111"/>
    <class days="0010000" id="582" room="24" start="108" weeks="111111111111111"/>
    <class days="0001000" id="583" room="24" start="180" weeks="111111111111111"/>
    <class days="0000100" id="584" room="21" start="132" weeks="111111111111111"/>
    <class days="0100000" id="585" room="21" start="156" weeks="111111111111111"/>
    <class days="0010000" id="586" room="24" start="144" weeks="111111111111111"/>
    <class days="0010000" id="587" room="24" start="96" weeks="111111111111111"/>
    <class days="0100000" id="588" room="21" start="120" weeks="111111111111111"/>
    <class days="0001000" id="589" room="21" start="120" weeks="111111111111111"/>
    <class days="0000100" id="590" room="41" start="168" weeks="111111111111111"/>
    <class days="0010000" id="591" room="24" start="132" weeks="111111111111111"/>
    <class days="1000000" id="592" room="21" start="204" weeks="111111111111111"/>
    <class days="0010000" id="593" room="21" start="144" weeks="111111111111111"/>
    <class days="0010000" id="594" room="21" start="192" weeks="111111111111111"/>
    <class days="0000100" id="595" room="21" start="108" weeks="111111111111111"/>
    <class days="1000000" id="596" room="21" start="168" weeks="111111111111111"/>
    <class days="1000000" id="597" room="21" start="120" weeks="111111111111111"/>
    <class days="1000000" id="598" room="24" start="192" weeks="111111111111111"/>
    <class days="0000100" id="599" room="21" start="180" weeks="111111111111111"/>
    <class days="0001000" id="600" room="21" start="192" weeks="111111111111111"/>
    <class days="1000000" id="601" room="21" start="96" weeks="111111111111111"/>
    <class days="0010000" id="602" room="42" start="120" weeks="111111111111111"/>
    <class days="0100000" id="603" room="21" start="180" weeks="111111111111111"/>
    <class days="0010000" id="604" room="23" start="120" weeks="111111111111111"/>
    <class days="0010000" id="605" room="41" start="168" weeks="111111111111111"/>
    <class days="1000000" id="606" room="44" start="180" weeks="111111111111111"/>
    <class days="0100000" id="607" room="44" start="108" weeks="111111111111111"/>
    <class days="0100000" id="608" room="42" start="180" weeks="111111111111111"/>
    <class days="0010000" id="609" room="24" start="168" weeks="111111111111111"/>
    <class days="1000000" id="610" room="21" start="180" weeks="111111111111111"/>
    <class days="1000000" id="611" room="42" start="120" weeks="111111111111111"/>
    <class days="0001000" id="612" room="42" start="168" weeks="111111111111111"/>
    <class days="0001000" id="613" room="42" start="120" weeks="111111111111111"/>
    <class days="0001000" id="614" room="23" start="108" weeks="111111111111111"/>
    <class days="1000000" id="615" room="24" start="144" weeks="111111111111111"/>
    <class days="1000000" id="616" room="24" start="96" weeks="111111111111111"/>
    <class days="0001000" id="617" room="42" start="144" weeks="111111111111111"/>
    <class days="0100000" id="618" room="42" start="120" weeks="111111111111111"/>
    <class days="0000100" id="619" room="62" start="192" weeks="111111111111111"/>
    <class days="0001000" id="620" room="27" start="192" weeks="111111111111111"/>
    <class days="0100000" id="621" room="24" start="192" weeks="111111111111111"/>
    <class days="0000100" id="622" room="24" start="96" weeks="111111111111111"/>
    <class days="0001000" id="623" room="24" start="108" weeks="111111111111111"/>
    <class days="0100000" id="624" room="42" start="132" weeks="111111111111111"/>
    <class days="1000000" id="625" room="41" start="168" weeks="111111111111111"/>
    <class days="1000000" id="626" room="41" start="96" weeks="111111111111111"/>
    <class days="0100000" id="627" room="24" start="132" weeks="111111111111111"/>
    <class days="0010000" id="628" room="63" start="204" weeks="111111111111111"/>
    <class days="0100000" id="629" room="21" start="192" weeks="111111111111111"/>
    <class days="0010000" id="630" room="21" start="96" weeks="111111111111111"/>
    <class days="0100000" id="631" room="24" start="156" weeks="111111111111111"/>
    <class days="0000100" id="632" room="24" start="144" weeks="111111111111111"/>
    <class days="0001000" id="633" room="21" start="144" weeks="111111111111111"/>
    <class days="1000000" id="634" room="63" start="156" weeks="111111111111111"/>
    <class days="0100000" id="635" room="63" start="180" weeks="111111111111111"/>
    <class days="0100000" id="636" room="63" start="120" weeks="111111111111111"/>
    <class days="0010000" id="637" room="63" start="156" weeks="111111111111111"/>
    <class days="0000100" id="638" room="63" start="156" weeks="111111111111111"/>
    <class days="0100000" id="639" room="63" start="96" weeks="111111111111111"/>
    <class days="0000100" id="640" room="63" start="120" weeks="111111111111111"/>
    <class days="0001000" id="641" room="63" start="132" weeks="111111111111111"/>
    <class days="0000100" id="642" room="63" start="180" weeks="111111111111111"/>
    <class days="0001000" id="643" room="63" start="108" weeks="111111111111111"/>
    <class days="0100000" id="644" room="63" start="108" weeks="111111111111111"/>
    <class days="1000000" id="645" room="63" start="96" weeks="111111111111111"/>
    <class days="1000000" id="646" room="63" start="132" weeks="111111111111111"/>
    <class days="0010000" id="647" room="63" start="180" weeks="111111111111111"/>
    <class days="0010000" id="648" room="63" start="108" weeks="111111111111111"/>
    <class days="0001000" id="649" room="63" start="168" weeks="111111111111111"/>
    <class days="1000000" id="650" room="63" start="168" weeks="111111111111111"/>
    <class days="0000100" id="651" room="63" start="96" weeks="111111111111111"/>
    <class days="0100000" id="652" room="63" start="168" weeks="111111111111111"/>
    <class days="0010000" id="653" room="63" start="132" weeks="111111111111111"/>
    <class days="0000100" id="654" room="63" start="144" weeks="111111111111111"/>
    <class days="0001000" id="655" room="63" start="180" weeks="111111111111111"/>
    <class days="0000100" id="656" room="63" start="168" weeks="111111111111111"/>
    <class days="0001000" id="657" start="210" weeks="111111111111111"/>
    <class days="0100000" id="658" start="210" weeks="111111111111111"/>
    <class days="1000000" id="659" start="210" weeks="111111111111111"/>
    <class days="0010000" id="660" start="210" weeks="111111111111111"/>
    <class days="0001000" id="661" start="210" weeks="111111111111111"/>
    <class days="1000000" id="662" room="18" start="180" weeks="111111111111111"/>
    <class days="0010000" id="663" room="60" start="96" weeks="111111111111111"/>
    <class days="1000000" id="664" room="46" start="168" weeks="111111111111111"/>
    <class days="0000100" id="665" room="46" start="156" weeks="111111111111111"/>
    <class days="0001000" id="666" room="46" start="120" weeks="111111111111111"/>
    <class days="0000100" id="667" room="62" start="96" weeks="111111111111111"/>
    <class days="0010000" id="668" room="42" start="144" weeks="111111111111111"/>
    <class days="0000100" id="669" room="27" start="120" weeks="111111111111111"/>
    <class days="0100000" id="670" room="62" start="144" weeks="111111111111111"/>
    <class days="1000000" id="671" room="46" start="156" weeks="111111111111111"/>
    <class days="0001000" id="672" room="62" start="168" weeks="111111111111111"/>
    <class days="0000100" id="673" start="132" weeks="111111111111111"/>
    <class days="0001000" id="674" room="60" start="96" weeks="111111111111111"/>
    <class days="0100000" id="675" room="60" start="144" weeks="111111111111111"/>
    <class days="1000000" id="676" room="65" start="96" weeks="111111111111111"/>
    <class days="1000000" id="677" room="65" start="156" weeks="111111111111111"/>
    <class days="1000000" id="678" room="18" start="156" weeks="111111111111111"/>
    <class days="0010000" id="679" room="18" start="108" weeks="111111111111111"/>
    <class days="1000000" id="680" room="65" start="120" weeks="111111111111111"/>
    <class days="0000100" id="681" room="22" start="96" weeks="111111111111111"/>
    <class days="0000100" id="682" room="61" start="144" weeks="111111111111111"/>
    <class days="0000100" id="683" room="42" start="96" weeks="111111111111111"/>
    <class days="0001000" id="684" room="46" start="168" weeks="111111111111111"/>
    <class days="0010000" id="685" room="61" start="156" weeks="111111111111111"/>
    <class days="1000000" id="686" room="18" start="108" weeks="111111111111111"/>
    <class days="0001000" id="687" room="61" start="156" weeks="111111111111111"/>
    <class days="0000100" id="688" room="66" start="156" weeks="111111111111111"/>
    <class days="0000100" id="689" room="62" start="132" weeks="111111111111111"/>
    <class days="1000000" id="690" room="46" start="96" weeks="111111111111111"/>
    <class days="0100000" id="691" room="46" start="180" weeks="111111111111111"/>
    <class days="0000100" id="692" room="18" start="156" weeks="111111111111111"/>
    <class days="0001000" id="693" room="18" start="120" weeks="111111111111111"/>
    <class days="0000100" id="694" room="46" start="96" weeks="111111111111111"/>
    <class days="0000100" id="695" room="27" start="168" weeks="111111111111111"/>
    <class days="1000000" id="696" room="27" start="180" weeks="111111111111111"/>
    <class days="1000000" id="697" room="46" start="120" weeks="111111111111111"/>
    <class days="0100000" id="698" room="46" start="132" weeks="111111111111111"/>
    <class days="0010000" id="699" room="46" start="156" weeks="111111111111111"/>
    <class days="0100000" id="700" room="26" start="96" weeks="111111111111111"/>
    <class days="0010000" id="701" room="66" start="96" weeks="111111111111111"/>
    <class days="1000000" id="702" room="66" start="108" weeks="111111111111111"/>
    <class days="0000100" id="703" room="66" start="96" weeks="111111111111111"/>
    <class days="0010000" id="704" room="33" start="96" weeks="111111111111111"/>
    <class days="0001000" id="705" room="36" start="108" weeks="111111111111111"/>
    <class days="0010000" id="706" room="33" start="168" weeks="111111111111111"/>
    <class days="0010000" id="707" room="61" start="120" weeks="111111111111111"/>
    <class days="0010000" id="708" room="62" start="180" weeks="111111111111111"/>
    <class days="0000100" id="709" room="3" start="120" weeks="111111111111111"/>
    <class days="0100000" id="710" room="59" start="132" weeks="111111111111111"/>
    <class days="0010000" id="711" room="59" start="168" weeks="111111111111111"/>
    <class days="0000100" id="712" room="59" start="144" weeks="111111111111111"/>
    <class days="0001000" id="713" room="55" start="108" weeks="111111111111111"/>
    <class days="1000000" id="714" room="59" start="180" weeks="111111111111111"/>
    <class days="0010000" id="715" room="55" start="96" weeks="111111111111111"/>
    <class days="0001000" id="716" room="55" start="168" weeks="111111111111111"/>
    <class days="0100000" id="717" room="36" start="168" weeks="111111111111111"/>
    <class days="1000000" id="718" room="62" start="120" weeks="111111111111111"/>
    <class days="0000100" id="719" room="61" start="108" weeks="111111111111111"/>
    <class days="0000100" id="720" room="37" start="120" weeks="111111111111111"/>
    <class days="1000000" id="721" room="61" start="144" weeks="111111111111111"/>
    <class days="0100000" id="722" room="61" start="120" weeks="111111111111111"/>
    <class days="0010000" id="723" room="36" start="144" weeks="111111111111111"/>
    <class days="0010000" id="724" room="59" start="108" weeks="111111111111111"/>
    <class days="1000000" id="725" room="59" start="108" weeks="111111111111111"/>
    <class days="0010000" id="726" room="59" start="156" weeks="111111111111111"/>
    <class days="0100000" id="727" room="34" start="120" weeks="111111111111111"/>
    <class days="1000000" id="728" room="61" start="96" weeks="111111111111111"/>
    <class days="0100000" id="729" room="61" start="96" weeks="111111111111111"/>
    <class days="0000100" id="730" room="33" start="120" weeks="111111111111111"/>
    <class days="0010000" id="731" room="61" start="144" weeks="111111111111111"/>
    <class days="0100000" id="732" room="59" start="156" weeks="111111111111111"/>
    <class days="0000100" id="733" room="55" start="168" weeks="111111111111111"/>
    <class days="0001000" id="734" room="59" start="180" weeks="111111111111111"/>
    <class days="0000100" id="735" room="62" start="108" weeks="111111111111111"/>
    <class days="1000000" id="736" room="38" start="120" weeks="111111111111111"/>
    <class days="0000100" id="737" room="1" start="132" weeks="111111111111111"/>
    <class days="0000100" id="738" room="1" start="144" weeks="111111111111111"/>
    <class days="0100000" id="739" room="28" start="120" weeks="111111111111111"/>
    <class days="0100000" id="740" room="59" start="108" weeks="111111111111111"/>
    <class days="1000000" id="741" room="62" start="96" weeks="111111111111111"/>
    <class days="0010000" id="742" room="62" start="96" weeks="111111111111111"/>
    <class days="0010000" id="743" room="59" start="96" weeks="111111111111111"/>
    <class days="0010000" id="744" room="55" start="132" weeks="111111111111111"/>
    <class days="0010000" id="745" room="34" start="168" weeks="111111111111111"/>
    <class days="0000100" id="746" room="59" start="108" weeks="111111111111111"/>
    <class days="0100000" id="747" room="59" start="168" weeks="111111111111111"/>
    <class days="0001000" id="748" room="32" start="120" weeks="111111111111111"/>
    <class days="1000000" id="749" room="59" start="132" weeks="111111111111111"/>
    <class days="0001000" id="750" room="59" start="156" weeks="111111111111111"/>
    <class days="0001000" id="751" room="28" start="168" weeks="111111111111111"/>
    <class days="0100000" id="752" room="59" start="96" weeks="111111111111111"/>
    <class days="0000100" id="753" room="59" start="96" weeks="111111111111111"/>
    <class days="0000100" id="754" room="32" start="168" weeks="111111111111111"/>
    <class days="0010000" id="755" room="55" start="120" weeks="111111111111111"/>
    <class days="0100000" id="756" room="59" start="180" weeks="111111111111111"/>
    <class days="0001000" id="757" room="35" start="96" weeks="111111111111111"/>
    <class days="0001000" id="758" room="59" start="96" weeks="111111111111111"/>
    <class days="0100000" id="759" room="59" start="192" weeks="111111111111111"/>
    <class days="1000000" id="760" room="59" start="144" weeks="111111111111111"/>
    <class days="1000000" id="761" room="59" start="120" weeks="111111111111111"/>
    <class days="0001000" id="762" room="29" start="132" weeks="111111111111111"/>
    <class days="0100000" id="763" room="30" start="168" weeks="111111111111111"/>
    <class days="0001000" id="764" room="38" start="168" weeks="111111111111111"/>
    <class days="0010000" id="765" room="67" start="96" weeks="111111111111111"/>
    <class days="1000000" id="766" room="5" start="168" weeks="111111111111111"/>
    <class days="0000100" id="767" start="108" weeks="111111111111111"/>
    <class days="0000100" id="768" start="168" weeks="111111111111111"/>
    <class days="0100000" id="769" room="30" start="96" weeks="111111111111111"/>
    <class days="0100000" id="770" room="30" start="132" weeks="111111111111111"/>
    <class days="0001000" id="771" room="30" start="132" weeks="111111111111111"/>
    <class days="0001000" id="772" room="30" start="168" weeks="111111111111111"/>
    <class days="1000000" id="773" room="30" start="96" weeks="111111111111111"/>
    <class days="1000000" id="774" room="30" start="168" weeks="111111111111111"/>
    <class days="0010000" id="775" room="30" start="96" weeks="111111111111111"/>
    <class days="0010000" id="776" room="67" start="168" weeks="111111111111111"/>
    <class days="0001000" id="777" room="30" start="96" weeks="111111111111111"/>
    <class days="0001000" id="778" room="35" start="168" weeks="111111111111111"/>
    <class days="1000000" id="779" room="30" start="120" weeks="111111111111111"/>
    <class days="1000000" id="780" room="28" start="168" weeks="111111111111111"/>
    <class days="0000100" id="781" start="168" weeks="111111111111111"/>
    <class days="0000100" id="782" start="108" weeks="111111111111111"/>
</solution>
