fes;time;f
1;47;2147484263
6;47;2147484260
15;62;2147484258
17;62;2147484256
18;62;2147484254
26;78;2147484252
27;78;2147484251
28;78;2147484250
36;78;2147484249
37;78;2147484248
47;93;2147484246
51;93;2147484240
58;93;2147484234
62;93;2147484231
76;109;2147484230
80;109;2147484227
91;109;2147484226
92;109;2147484225
94;125;2147484224
97;125;2147484221
249;218;2147484220
251;218;2147484218
252;218;2147484217
255;218;2147484215
267;234;2147484214
269;234;2147484213
271;234;2147484212
275;234;2147484211
281;234;2147484210
282;234;2147484209
285;234;2147484208
286;234;2147484207
287;234;2147484206
288;234;2147484205
289;234;2147484202
292;234;2147484201
309;250;2147484199
322;250;2147484198
325;250;2147484197
326;250;2147484195
328;250;2147484191
329;250;2147484190
335;250;2147484187
336;250;2147484186
338;265;2147484183
351;265;2147484181
355;265;2147484178
360;265;2147484175
368;265;2147484174
369;265;2147484173
372;265;2147484172
383;281;2147484170
384;281;2147484169
395;281;2147484164
399;281;2147484163
991;531;2147484162
993;531;2147484161
1002;546;2147484160
1012;546;2147484159
1028;546;2147484156
1030;546;2147484154
1031;546;2147484153
1033;562;2147484151
1035;562;2147484150
1036;562;2147484149
1043;562;2147484148
1047;562;2147484144
1050;562;2147484143
1051;562;2147484142
1058;562;2147484141
1064;562;2147484138
1072;578;2147484137
1074;578;2147484136
1080;578;2147484133
1084;578;2147484130
1085;578;2147484127
1094;578;2147484125
1097;578;2147484124
1098;578;2147484123
1105;593;2147484121
1107;593;2147484120
1122;593;2147484118
1128;593;2147484116
1131;593;2147484115
1135;593;2147484113
1141;609;2147484111
1151;609;2147484109
1164;609;2147484108
1167;609;2147484107
1169;609;2147484106
1172;625;2147484105
1178;625;2147484104
1184;625;2147484103
1186;625;2147484101
1188;625;2147484099
1192;625;2147484097
1198;625;2147484096
2874;1343;2147484095
2875;1343;2147484092
2883;1343;2147484091
2906;1359;2147484090
2907;1359;2147484089
2913;1359;2147484088
2918;1359;2147484087
2919;1359;2147484086
2924;1359;2147484084
2929;1374;2147484083
2930;1374;2147484081
2934;1374;2147484079
2938;1374;2147484078
2940;1374;2147484077
2953;1374;2147484075
2955;1374;2147484074
2958;1374;2147484073
2959;1374;2147484071
2964;1374;2147484070
2974;1390;2147484069
2975;1390;2147484068
2980;1390;2147484067
2981;1390;2147484066
2987;1390;2147484065
2998;1390;2147484064
3008;1406;2147484063
3047;1421;2147484062
3053;1421;2147484060
3092;1437;2147484059
3101;1437;2147484058
3110;1452;2147484057
3111;1452;2147484056
3115;1452;2147484055
3133;1452;2147484053
3142;1452;2147484052
3162;1468;2147484049
3169;1468;2147484048
3172;1468;2147484047
3174;1468;2147484046
3175;1468;2147484043
3176;1468;2147484041
3189;1484;2147484040
7054;3124;2147484039
7078;3140;2147484038
7080;3140;2147484037
7082;3140;2147484036
7084;3140;2147484034
7085;3140;2147484033
7089;3140;2147484032
7095;3140;2147484031
7098;3140;2147484029
7115;3155;2147484028
7120;3155;2147484027
7123;3155;2147484026
7132;3155;2147484025
7139;3171;2147484024
7142;3171;2147484023
7153;3171;2147484022
7166;3171;2147484021
7180;3186;2147484020
7187;3186;2147484019
7189;3186;2147484018
7200;3186;2147484016
7207;3186;2147484015
7215;3202;2147484014
7222;3202;2147484013
7236;3202;2147484012
7237;3202;2147484010
7244;3202;2147484009
7250;3202;2147484008
7252;3218;2147484007
7258;3218;2147484006
7263;3218;2147484004
7273;3218;2147484003
7274;3218;2147484001
7279;3218;2147483999
7303;3233;2147483998
7306;3233;2147483997
7319;3233;2147483996
7328;3249;2147483995
7341;3249;2147483994
7344;3249;2147483993
7358;3265;2147483992
7360;3265;2147483991
7365;3265;2147483988
7366;3265;2147483985
7389;3265;2147483984
7394;3280;2147483983
7404;3280;2147483982
7422;3280;2147483981
7423;3280;2147483980
7424;3280;2147483979
7451;3296;2147483977
7457;3296;2147483975
7459;3296;2147483973
7494;3311;2147483972
7504;3311;2147483969
7506;3311;2147483967
7511;3327;2147483966
7512;3327;2147483963
7514;3327;2147483962
7525;3327;2147483961
7532;3327;2147483960
7538;3327;2147483959
7563;3343;2147483958
7633;3374;2147483956
7643;3374;2147483955
7653;3390;2147483954
7666;3390;2147483953
7668;3390;2147483952
7672;3390;2147483950
7674;3390;2147483948
7691;3405;2147483947
7699;3405;2147483944
7706;3405;2147483942
7710;3405;2147483941
7748;3421;2147483940
7758;3421;2147483938
7763;3421;2147483936
7796;3436;2147483935
7821;3452;2147483934
7829;3452;2147483933
7839;3452;2147483932
7867;3468;2147483930
7879;3483;2147483929
7882;3483;2147483928
7887;3483;2147483927
7909;3483;2147483926
7934;3499;2147483925
7976;3515;2147483924
7980;3515;2147483922
15919;6842;2147483921
15934;6842;2147483920
15948;6857;2147483919
15967;6857;2147483918
15969;6857;2147483917
15980;6857;2147483916
15985;6873;2147483915
15990;6873;2147483914
15991;6873;2147483913
15992;6873;2147483912
17721;7576;2147483911
17744;7592;2147483910
17749;7592;2147483909
17771;7607;2147483908
17772;7607;2147483907
17806;7623;2147483906
17821;7623;2147483905
17835;7639;2147483904
17865;7639;2147483903
17874;7654;2147483901
17923;7670;2147483900
17934;7670;2147483899
17944;7670;2147483898
18004;7701;2147483897
18016;7701;2147483896
18023;7717;2147483893
18031;7717;2147483892
18035;7717;2147483891
18042;7717;2147483890
18045;7717;2147483889
18091;7732;2147483888
18095;7748;2147483887
18197;7779;2147483886
18243;7810;2147483885
18244;7810;2147483884
18261;7810;2147483883
18283;7826;2147483882
18306;7826;2147483881
18342;7842;2147483880
18355;7857;2147483879
18378;7857;2147483878
18379;7857;2147483877
18394;7873;2147483876
18428;7888;2147483875
18481;7913;2147483874
18486;7913;2147483873
18503;7913;2147483872
18522;7928;2147483870
18562;7944;2147483869
18588;7959;2147483868
18599;7959;2147483866
18612;7959;2147483865
18614;7959;2147483864
18617;7959;2147483863
18629;7975;2147483861
18632;7975;2147483860
18647;7975;2147483859
18658;7991;2147483858
18665;7991;2147483857
18669;7991;2147483856
18704;8006;2147483855
18714;8006;2147483854
18719;8006;2147483853
18737;8022;2147483852
18739;8022;2147483851
18741;8022;2147483850
18783;8038;2147483849
18814;8053;2147483848
18817;8053;2147483847
18820;8053;2147483846
18846;8053;2147483845
18856;8069;2147483844
18874;8069;2147483842
18888;8084;2147483841
18911;8084;2147483840
18931;8100;2147483839
18933;8100;2147483837
18939;8100;2147483836
18966;8116;2147483835
18978;8116;2147483834
18988;8116;2147483833
19028;8131;2147483832
19037;8131;2147483831
19042;8147;2147483830
19046;8147;2147483829
19096;8162;2147483828
19120;8178;2147483827
41556;17592;2147483826
41571;17608;2147483824
41572;17608;2147483823
41604;17623;2147483822
41691;17654;2147483821
41710;17670;2147483820
41772;17686;2147483819
41781;17701;2147483818
41886;17733;2147483817
41897;17748;2147483816
41908;17748;2147483815
41931;17764;2147483814
41965;17764;2147483813
42000;17779;2147483812
42014;17795;2147483811
42028;17795;2147483810
42030;17795;2147483809
42032;17795;2147483808
42106;17826;2147483807
42109;17826;2147483806
42155;17842;2147483805
42226;17873;2147483804
42266;17889;2147483803
42290;17904;2147483802
42304;17904;2147483801
42312;17920;2147483800
42464;17983;2147483799
42476;17983;2147483798
42518;17998;2147483797
42534;17998;2147483796
42676;18061;2147483795
42701;18076;2147483794
42706;18076;2147483793
42822;18123;2147483792
42874;18139;2147483791
42930;18170;2147483790
42944;18170;2147483789
42976;18186;2147483788
42980;18186;2147483787
42991;18201;2147483786
43024;18201;2147483785
43054;18217;2147483784
43072;18232;2147483783
43127;18248;2147483782
43158;18264;2147483781
43168;18264;2147483780
43174;18264;2147483779
43207;18279;2147483778
43277;18311;2147483777
43596;18451;2147483776
43614;18451;2147483775
43662;18467;2147483774
43695;18482;2147483773
43726;18498;2147483772
43793;18529;2147483771
43815;18529;2147483770
43821;18545;2147483769
43825;18545;2147483768
43845;18545;2147483767
43882;18561;2147483766
43946;18592;2147483765
43977;18607;2147483764
44014;18623;2147483763
44184;18685;2147483762
44227;18701;2147483761
44373;18764;2147483760
44418;18779;2147483759
44472;18808;2147483758
44490;18808;2147483757
44548;18839;2147483756
44549;18839;2147483755
44583;18855;2147483754
44628;18870;2147483753
44664;18886;2147483752
44712;18901;2147483751
96200;40511;2147483750
96298;40542;2147483749
96387;40589;2147483748
96480;40620;2147483747
96493;40636;2147483746
96520;40636;2147483745
96595;40667;2147483744
96688;40714;2147483743
96744;40730;2147483742
96806;40761;2147483741
96812;40761;2147483740
96816;40761;2147483739
96953;40824;2147483738
97069;40870;2147483737
97294;40964;2147483736
97581;41073;2147483735
97606;41089;2147483734
97803;41167;2147483733
97998;41261;2147483732
98052;41277;2147483731
98106;41292;2147483730
98227;41355;2147483729
98280;41370;2147483728
98292;41370;2147483727
98394;41417;2147483726
98491;41448;2147483725
98821;41589;2147483724
98853;41605;2147483723
98884;41620;2147483722
99035;41683;2147483721
99073;41698;2147483720
99115;41714;2147483719
99260;41776;2147483718
99363;41808;2147483717
99928;42042;2147483716
99937;42042;2147483715
100054;42089;2147483714
100257;42183;2147483713
100261;42183;2147483712
100542;42308;2147483711
100805;42417;2147483710
100982;42479;2147483709
101306;42620;2147483708
101374;42636;2147483707
101810;42823;2147483706
101811;42823;2147483705
220280;91955;2147483704
220309;91955;2147483703
220312;91955;2147483702
220598;92080;2147483701
220694;92111;2147483700
220760;92142;2147483699
220862;92174;2147483698
221347;92361;2147483697
221726;92517;2147483696
221752;92533;2147483695
222016;92642;2147483694
222056;92658;2147483693
222362;92767;2147483692
224546;93673;2147483691
224714;93736;2147483690
225790;94173;2147483689
226349;94392;2147483688
226860;94613;2147483687
226966;94644;2147483686
227341;94800;2147483685
227902;95019;2147483684
228400;95222;2147483683
228598;95300;2147483682
479464;198832;2147483681
479572;198879;2147483680
480004;199051;2147483679
480254;199160;2147483678
481805;199785;2147483677
483244;200363;2147483676
483753;200566;2147483675
484525;200879;2147483674
485129;201128;2147483673
487387;202035;2147483672
490396;203253;2147483671
490503;203300;2147483670
492497;204128;2147483669
493066;204362;2147483668
493274;204440;2147483667
493971;204724;2147483666
496660;205818;2147483665
497499;206161;2147483664
498518;206583;2147483663
499941;207161;2147483662
500412;207349;2147483661
501983;207989;2147483660
502332;208130;2147483659
1095085;451400;2147483658
1098853;452915;2147483657
1113716;458917;2147483656
1118361;460811;2147483655
2235304;919683;2147483654
2369958;973812;2147483653
2377684;976946;2147483652
4854363;1992816;2147483651
16348740;6692984;2147483650
22471682;9190936;2147483649
22906078;9367401;96822
22906083;9367401;96818
22906097;9367417;96815
22906165;9367448;96811
22906188;9367448;96767
22906240;9367479;96763
22906252;9367479;96607
22906282;9367495;96603
22906290;9367495;96599
22906298;9367495;96595
22906299;9367495;96581
22906315;9367511;96577
22906346;9367526;96573
22906365;9367526;96569
22906457;9367573;96565
22906464;9367573;96525
22906484;9367573;96481
22906496;9367589;96442
22906606;9367620;96441
22906620;9367636;96437
22906674;9367651;96427
22906690;9367667;96423
22906829;9367714;96419
22906853;9367729;96415
22907007;9367792;96411
22907108;9367839;96407
22907185;9367870;96406
22907267;9367901;96250
22907382;9367948;96246
22907396;9367948;96242
22907397;9367948;96241
22907457;9367979;96081
22907463;9367979;96077
22907609;9368042;96073
22907788;9368120;96069
22907846;9368136;96065
22907860;9368151;96061
22907870;9368151;95901
22907910;9368167;95897
22907915;9368167;95858
22907968;9368182;95814
22908142;9368260;95810
22908283;9368307;95806
22908337;9368339;95802
22908352;9368339;95798
22908409;9368370;95794
22908438;9368385;95790
22908489;9368401;95644
22908528;9368417;95640
22908550;9368432;95636
22908564;9368432;95632
22908634;9368464;95628
22908678;9368479;95624
22908780;9368526;95620
22908950;9368589;95616
22909037;9368635;95456
22909148;9368682;95452
22909176;9368682;95413
22909206;9368698;95253
22909247;9368714;95249
22909318;9368745;95245
22909323;9368745;95241
22909340;9368760;95205
22909473;9368807;95169
22909490;9368823;95130
22909491;9368823;95127
22909556;9368838;95126
22909758;9368932;95122
22909902;9368995;95121
22909911;9368995;95117
22910015;9369042;95113
22910019;9369042;95109
22910052;9369057;95105
22910180;9369104;95101
22910220;9369120;95061
22910332;9369167;95057
22910553;9369260;95053
22910601;9369276;95052
22910603;9369276;95048
22910759;9369338;95044
22910958;9369416;94888
22911003;9369448;94884
22911178;9369510;94880
22911205;9369526;94720
22911302;9369557;94716
22911329;9369573;94712
22911333;9369573;94708
22911342;9369588;94704
22911401;9369604;94544
22911455;9369620;94504
22911730;9369745;94500
22911861;9369791;94496
22911892;9369807;94390
22911920;9369807;94386
22912223;9369932;94356
22912231;9369948;94352
22912232;9369948;94312
22912606;9370089;94268
22912628;9370105;94264
22912825;9370183;94220
22912903;9370214;94217
22913066;9370276;94061
22913068;9370276;93915
22913212;9370339;93911
22913278;9370370;93871
22913402;9370417;93831
22913481;9370448;93667
22913482;9370448;93507
22913688;9370526;93503
22913726;9370542;93499
22913729;9370542;93353
22913855;9370589;93349
22913911;9370620;93312
22914003;9370651;93308
22914045;9370667;93304
22914052;9370682;93300
22914083;9370682;93296
22914087;9370682;93292
22914257;9370761;93252
22914261;9370761;93092
22914384;9370807;93088
22914434;9370839;93048
22914494;9370854;93044
22914517;9370870;92884
22914562;9370886;92880
22914955;9371042;92877
22915146;9371120;92837
22915363;9371198;92801
22915376;9371214;92761
22915441;9371245;92757
22915470;9371245;92753
22915683;9371339;92741
22915819;9371401;92738
22916073;9371495;92737
22916166;9371542;92733
22916262;9371573;92573
22916399;9371635;92533
22916484;9371667;92530
22917010;9371888;92490
22917055;9371904;92384
22917112;9371935;92344
22917455;9372076;92304
22917483;9372091;92300
22917580;9372123;92140
22917612;9372138;92136
22917615;9372138;92132
22917759;9372201;92093
22917805;9372216;92052
22917956;9372279;92048
22918184;9372373;92008
22918203;9372388;92004
22918362;9372451;92001
22918432;9372482;91957
22918609;9372544;91793
22918963;9372701;91789
22919018;9372716;91785
22919102;9372763;91745
22919180;9372794;91585
22919331;9372857;91581
22919446;9372904;91425
22919468;9372904;91385
22919627;9372966;91384
22920088;9373169;91381
22920098;9373169;91377
22920413;9373310;91337
22920455;9373326;91333
22920584;9373372;91169
22920604;9373388;91165
22920925;9373513;91161
22921041;9373560;91122
22921108;9373591;91118
22921211;9373638;91115
22921450;9373732;91111
22921610;9373794;91107
22921818;9373888;91103
22922163;9374028;91099
22922218;9374060;91095
22922462;9374153;91091
22922619;9374216;91047
22922687;9374247;91011
22922788;9374294;91007
22922872;9374325;90967
22922882;9374325;90963
22923106;9374419;90959
22923380;9374544;90919
22923927;9374763;90915
22923975;9374778;90755
22923982;9374778;90715
22923984;9374778;90555
22923988;9374778;90552
22923989;9374778;90551
22924002;9374794;90511
22924529;9375013;90471
22924654;9375060;90467
22924703;9375091;90461
22925183;9375278;90355
22925220;9375294;90199
22925812;9375544;90043
22925897;9375575;90003
22925978;9375606;89959
22926051;9375637;89955
22926504;9375825;89951
22926737;9375919;89911
22927050;9376044;89907
22927265;9376137;89747
22927863;9376372;89743
22928139;9376481;89700
22928706;9376719;89540
22928914;9376797;89536
22929257;9376937;89532
22929364;9376984;89452
22929620;9377094;89448
22929737;9377141;89288
22929824;9377187;89272
22929891;9377203;89229
22930134;9377312;89225
22930427;9377437;89221
22930451;9377437;89220
22930602;9377500;89217
22930634;9377515;89207
22931414;9377843;89167
22931592;9377906;89127
22931777;9377984;89124
22931831;9378015;89085
22932038;9378109;89041
22932082;9378125;89037
22932255;9378187;89033
22932534;9378312;88905
22932914;9378468;88901
22934268;9379031;88857
22934273;9379031;88853
22934967;9379312;88812
22934973;9379327;88811
22935191;9379421;88772
22935330;9379468;88616
22935349;9379484;88612
22935498;9379546;88608
22935630;9379593;88607
22935932;9379718;88571
22936051;9379765;88531
22936750;9380046;88491
22936776;9380046;88331
22936984;9380140;88171
22937020;9380155;88015
23780334;9717926;87935
23780366;9717941;87931
23780489;9717988;87927
23781124;9718254;87897
23781332;9718332;87854
23781514;9718410;87694
23781518;9718426;87690
23781540;9718426;87686
23781729;9718504;87682
23782333;9718769;87672
23783087;9719082;87632
23783184;9719113;87472
23783453;9719238;87468
23784051;9719488;87422
23784429;9719644;87421
23784450;9719644;87417
23784473;9719660;87416
23784546;9719691;87372
23784804;9719785;87362
23785499;9720081;87323
23785813;9720222;87320
23785898;9720253;87316
23786098;9720331;87313
23786433;9720472;87309
23786522;9720519;87266
23787319;9720831;87106
23787679;9720987;87102
23787759;9721019;86946
23788217;9721206;86786
23788662;9721394;86626
23789315;9721659;86623
23789426;9721706;86583
23789521;9721737;86423
23789673;9721800;86419
23789675;9721800;86383
23789724;9721831;86344
23789992;9721940;86304
23790166;9722019;86144
23790256;9722050;86105
23790703;9722237;86102
23791071;9722393;86066
23791225;9722456;86062
23791508;9722581;86022
23791621;9722628;85862
23791646;9722628;85822
23791719;9722659;85782
23791734;9722675;85778
23792147;9722831;85774
23792614;9723034;85767
23792673;9723065;85727
23792813;9723112;85567
23793354;9723346;85563
23794272;9723721;85527
23794314;9723737;85487
23794368;9723768;85483
23794452;9723799;85323
23794499;9723815;85167
23794912;9723987;85011
23794990;9724018;85007
23795600;9724268;84971
23795749;9724330;84967
23796277;9724549;84931
23796714;9724721;84927
23798067;9725299;84923
23798989;9725674;84763
23799231;9725768;84759
23800179;9726174;84755
23800333;9726236;84752
23800435;9726268;84722
23800953;9726486;84679
23801032;9726517;84675
23801251;9726611;84639
23802212;9727017;84483
23802874;9727285;84447
23803117;9727394;84291
23804932;9728144;84135
23805798;9728503;84131
23806128;9728644;83971
23807744;9729300;83931
23808232;9729503;83771
23809387;9729987;83759
23809784;9730159;83719
23809857;9730190;83675
23810270;9730347;83515
23811507;9730862;83355
23812689;9731346;83195
23813018;9731487;83035
23813713;9731768;82995
23813767;9731799;82959
23817106;9733177;82799
23817196;9733208;82795
23817614;9733380;82791
23817642;9733396;82781
23819304;9734083;82621
23819659;9734236;82617
23819666;9734236;82457
23820041;9734393;82421
23821103;9734846;82417
23821401;9734971;82261
23821532;9735018;82257
23821946;9735189;82097
23822341;9735361;82093
23822346;9735361;82089
23823187;9735721;81929
23823231;9735736;81893
23824172;9736127;81853
23825225;9736564;81697
23825437;9736658;81657
23825540;9736705;81621
23825625;9736736;81461
23825683;9736767;81457
23826036;9736908;81417
23826048;9736908;81261
23826077;9736923;81260
23827144;9737379;81256
23827148;9737379;81246
23827760;9737629;81090
23828469;9737926;81086
23828935;9738113;80980
23829873;9738504;80820
23829966;9738551;80664
23830077;9738598;80504
23830629;9738816;80500
23832309;9739522;80344
23834558;9740459;80184
23834568;9740459;80024
23834981;9740631;80020
23835103;9740678;79864
23836916;9741428;79828
23837272;9741568;79668
23838235;9741990;79508
23838537;9742117;79348
23839337;9742445;79344
23840700;9743007;79338
23840950;9743117;79182
23841898;9743507;79181
23842970;9743960;79177
23844223;9744491;79176
23844653;9744663;79140
23844879;9744757;78980
23849281;9746585;78820
23850869;9747243;78664
23855010;9748961;78654
23855202;9749055;78494
23855628;9749227;78334
23856444;9749555;78174
23857310;9749930;78018
23859275;9750742;77858
23859931;9751023;77818
23860091;9751086;77658
23863086;9752323;77618
23864488;9752901;77458
23866108;9753573;77298
23867979;9754354;77294
23869062;9754807;77138
23869353;9754932;76978
23869752;9755104;76938
23870592;9755447;76782
23870789;9755526;76622
23872056;9756057;76466
23872131;9756088;76425
23873712;9756744;76421
23873840;9756791;76265
23873872;9756806;76225
23873938;9756838;76189
23874535;9757072;76029
23876492;9757888;76025
23877573;9758341;75869
23878647;9758778;75833
23880047;9759356;75705
23880286;9759450;75577
23881373;9759903;75570
23881489;9759965;75410
23882893;9760543;75366
23884271;9761121;75210
23884562;9761246;75050
23886516;9762058;75020
23887874;9762608;74860
23890150;9763561;74821
23890540;9763717;74785
23891839;9764264;74781
23892587;9764561;74625
23893403;9764920;74586
23894963;9765576;74430
23896105;9766061;74270
23897376;9766592;74266
23898692;9767141;74222
23900148;9767735;74219
23903706;9769235;74178
23904086;9769391;74022
23904217;9769438;73986
23908402;9771187;73826
23909483;9771640;73786
23910569;9772078;73630
23916722;9774643;73626
23917679;9775033;73466
23917696;9775049;73427
23917761;9775064;73383
23917978;9775158;73340
23918300;9775299;73180
23919154;9775658;73176
23919157;9775658;73172
23919703;9775892;73016
23920981;9776423;72856
23921194;9776517;72852
23927278;9779036;72696
23928079;9779379;72536
23929218;9779848;72376
23929451;9779942;72372
23930145;9780223;72212
23930940;9780566;72208
23932821;9781332;72204
23933895;9781785;72048
23933898;9781785;72012
23934991;9782241;71856
23935572;9782475;71692
23935855;9782600;71688
23936811;9782991;71528
23937027;9783069;71368
23937177;9783131;71208
23939088;9783928;71204
23939138;9783944;71164
23940362;9784444;71008
23943312;9785678;70964
23944053;9785990;70924
23948941;9788039;70764
23952852;9789648;70604
23954464;9790320;70564
23957599;9791599;70560
23961240;9793117;70400
23964720;9794570;70363
23967006;9795523;70203
23967670;9795804;70167
23972521;9797806;70166
23977617;9799893;70162
23980081;9800909;70002
23980960;9801268;69842
23981718;9801581;69682
23984650;9802801;69522
23985555;9803176;69362
23986896;9803738;69206
23988186;9804269;69050
23992847;9806184;68890
23994543;9806902;68744
23996806;9807842;68700
23999031;9808759;68540
24002280;9810103;68380
24002672;9810259;68224
24003673;9810681;68064
24013624;9814796;68034
24013906;9814921;68030
24026386;9820095;67870
24028895;9821126;67710
24029521;9821391;67706
24030149;9821657;67676
24035911;9824057;67516
24036159;9824166;67356
24038330;9825072;67346
24040726;9826072;67186
24044394;9827575;67026
24049589;9829715;66870
24050284;9829997;66864
24056678;9832655;66820
24058480;9833390;66810
24062479;9835046;66650
24065442;9836295;66640
24065940;9836514;66484
24066183;9836608;66444
24067013;9836962;66440
24071408;9838761;66404
24074128;9839870;66248
24080081;9842315;66088
24085983;9844737;66084
24086658;9845018;65928
24091595;9847049;65768
24101498;9851112;65608
24115781;9856975;65568
24116123;9857116;65408
24121843;9859447;65248
24122618;9859775;65247
24122641;9859775;65243
24127425;9861743;65240
24127677;9861852;65084
24128597;9862215;64924
24129939;9862762;64888
24137604;9865910;64849
24137758;9865973;64813
24138033;9866098;64653
24139407;9866660;64493
24145422;9869117;64489
24147364;9869913;64329
24148220;9870273;64283
24149225;9870682;64127
24172572;9880272;63967
24176984;9882100;63807
24182702;9884446;63647
24185776;9885711;63487
24189897;9887416;63484
24190312;9887588;63324
24190704;9887760;63164
24214068;9897388;63160
24214815;9897700;63000
24228212;9903311;62844
24235123;9906155;62834
24238926;9907748;62674
24242382;9909154;62514
24252593;9913374;62354
24255630;9914624;62314
24271190;9921047;62154
24278113;9923908;61994
24291922;9929613;61838
24292677;9929910;61678
24299053;9932553;61518
24299118;9932584;61514
24306089;9935445;61354
24307655;9936101;61194
24311519;9937698;61158
24312905;9938260;61154
24325742;9943542;60994
24331100;9945745;60990
24354921;9955518;60989
24400508;9974313;60829
24400622;9974360;60669
24400818;9974438;60509
24404087;9975781;60505
24412175;9979156;60345
24421432;9982978;60341
24431128;9986977;60181
24431871;9987290;60021
24435131;9988633;59861
24446148;9993178;59701
24464562;10000820;59541
24481684;10007909;59385
24489405;10011102;59225
24492456;10012352;59065
24503716;10017010;58905
24504857;10017466;58745
24513773;10021169;58585
24537407;10030945;58584
24540221;10032101;58424
24545665;10034354;58264
24574068;10046107;58104
#
# name: Hill Climbing RS
# algorithm_class: solver.HillClimbingWithRS
# instance: nbi-spr18
# seed: -8379919096997413153
# bestF: 58104
# DTF: 0
# cost: 58104
# startTime: 1768111524233
# totalTime: 14400002
# totalFEs: 35205413
# maxFEs: 9223372036854775807
# maxMilliSeconds: 14400000
# maxSeconds: 14400
#
<?xml version="1.0" encoding="UTF-8" standalone="no"?>
<solution author="ScholORs" cores="1" country="China and Malaysia" institution="Bejing/Hefei/Malaysia" name="nbi-spr18" runtime="14400" technique="hillclimbingwithrs">
    <class days="0100000" id="1" room="57" start="168" weeks="111111111111111"/>
    <class days="0100000" id="2" room="60" start="180" weeks="111111111111111"/>
    <class days="1000000" id="3" room="60" start="192" weeks="111111111111111"/>
    <class days="0000100" id="4" room="60" start="180" weeks="111111111111111"/>
    <class days="0001000" id="5" room="60" start="192" weeks="111111111111111"/>
    <class days="0000100" id="6" room="62" start="120" weeks="111111111111111"/>
    <class days="0001000" id="7" room="18" start="96" weeks="111111111111111"/>
    <class days="0001000" id="8" start="108" weeks="111111111111111"/>
    <class days="0010000" id="9" room="18" start="168" weeks="111111111111111"/>
    <class days="0001000" id="10" room="18" start="108" weeks="111111111111111"/>
    <class days="1000000" id="11" room="18" start="144" weeks="111111111111111"/>
    <class days="0010000" id="12" room="27" start="132" weeks="111111111111111"/>
    <class days="0001000" id="13" room="18" start="156" weeks="111111111111111"/>
    <class days="0100000" id="14" room="18" start="156" weeks="111111111111111"/>
    <class days="0100000" id="15" room="18" start="132" weeks="111111111111111"/>
    <class days="1000000" id="16" room="62" start="108" weeks="111111111111111"/>
    <class days="1000000" id="17" room="18" start="120" weeks="111111111111111"/>
    <class days="1000000" id="18" room="27" start="96" weeks="111111111111111"/>
    <class days="0001000" id="19" room="46" start="144" weeks="111111111111111"/>
    <class days="0001000" id="20" room="42" start="156" weeks="111111111111111"/>
    <class days="0000100" id="21" room="61" start="168" weeks="111111111111111"/>
    <class days="0001000" id="22" room="17" start="210" weeks="111111111111111"/>
    <class days="0100000" id="23" room="17" start="210" weeks="111111111111111"/>
    <class days="0010000" id="24" room="17" start="210" weeks="111111111111111"/>
    <class days="0000100" id="25" room="17" start="210" weeks="111111111111111"/>
    <class days="1000000" id="26" room="17" start="210" weeks="111111111111111"/>
    <class days="0010000" id="27" room="42" start="210" weeks="111111111111111"/>
    <class days="1000000" id="28" room="42" start="210" weeks="111111111111111"/>
    <class days="0001000" id="29" room="42" start="210" weeks="111111111111111"/>
    <class days="0000100" id="30" room="42" start="210" weeks="111111111111111"/>
    <class days="0100000" id="31" room="42" start="210" weeks="111111111111111"/>
    <class days="0000100" id="32" room="67" start="96" weeks="111111111111111"/>
    <class days="0010000" id="33" room="4" start="156" weeks="111111111111111"/>
    <class days="0100000" id="34" room="34" start="96" weeks="111111111111111"/>
    <class days="1000000" id="35" room="4" start="120" weeks="111111111111111"/>
    <class days="1000000" id="36" room="1" start="120" weeks="111111111111111"/>
    <class days="0010000" id="37" room="1" start="120" weeks="111111111111111"/>
    <class days="0100000" id="38" room="35" start="168" weeks="111111111111111"/>
    <class days="1000000" id="39" room="1" start="132" weeks="111111111111111"/>
    <class days="0001000" id="40" room="1" start="132" weeks="111111111111111"/>
    <class days="0001000" id="41" room="62" start="132" weeks="111111111111111"/>
    <class days="0100000" id="42" room="62" start="156" weeks="111111111111111"/>
    <class days="1000000" id="43" room="36" start="120" weeks="111111111111111"/>
    <class days="0000100" id="44" room="61" start="144" weeks="111111111111111"/>
    <class days="0010000" id="45" room="62" start="120" weeks="111111111111111"/>
    <class days="1000000" id="46" room="3" start="168" weeks="111111111111111"/>
    <class days="1000000" id="47" room="61" start="132" weeks="111111111111111"/>
    <class days="0100000" id="48" room="61" start="168" weeks="111111111111111"/>
    <class days="0001000" id="49" room="37" start="120" weeks="111111111111111"/>
    <class days="0001000" id="50" room="47" start="210" weeks="111111111111111"/>
    <class days="0010000" id="51" room="47" start="210" weeks="111111111111111"/>
    <class days="1000000" id="52" room="47" start="210" weeks="111111111111111"/>
    <class days="0100000" id="53" room="47" start="210" weeks="111111111111111"/>
    <class days="0100000" id="54" start="210" weeks="111111111111111"/>
    <class days="0010000" id="55" room="61" start="120" weeks="111111111111111"/>
    <class days="0010000" id="56" room="37" start="168" weeks="111111111111111"/>
    <class days="0100000" id="57" room="59" start="132" weeks="111111111111111"/>
    <class days="0100000" id="58" room="62" start="108" weeks="111111111111111"/>
    <class days="0001000" id="59" room="36" start="120" weeks="111111111111111"/>
    <class days="0100000" id="60" room="62" start="132" weeks="111111111111111"/>
    <class days="0010000" id="61" room="37" start="96" weeks="111111111111111"/>
    <class days="0100000" id="62" room="61" start="180" weeks="111111111111111"/>
    <class days="0100000" id="63" room="61" start="156" weeks="111111111111111"/>
    <class days="0001000" id="64" room="3" start="168" weeks="111111111111111"/>
    <class days="0001000" id="65" room="61" start="132" weeks="111111111111111"/>
    <class days="0010000" id="66" room="37" start="132" weeks="111111111111111"/>
    <class days="0100000" id="67" room="1" start="108" weeks="111111111111111"/>
    <class days="0010000" id="68" room="55" start="144" weeks="111111111111111"/>
    <class days="0000100" id="69" room="35" start="156" weeks="111111111111111"/>
    <class days="1000000" id="70" room="59" start="168" weeks="111111111111111"/>
    <class days="0010000" id="71" room="59" start="132" weeks="111111111111111"/>
    <class days="0000100" id="72" room="35" start="96" weeks="111111111111111"/>
    <class days="0001000" id="73" room="59" start="132" weeks="111111111111111"/>
    <class days="1000000" id="74" room="59" start="132" weeks="111111111111111"/>
    <class days="0010000" id="75" room="32" start="168" weeks="111111111111111"/>
    <class days="0000100" id="76" room="59" start="180" weeks="111111111111111"/>
    <class days="0001000" id="77" room="62" start="108" weeks="111111111111111"/>
    <class days="0001000" id="78" room="37" start="168" weeks="111111111111111"/>
    <class days="1000000" id="79" room="1" start="168" weeks="111111111111111"/>
    <class days="0100000" id="80" room="37" start="120" weeks="111111111111111"/>
    <class days="1000000" id="81" room="56" start="120" weeks="111111111111111"/>
    <class days="1000000" id="82" room="6" start="168" weeks="111111111111111"/>
    <class days="1000000" id="83" room="1" start="108" weeks="111111111111111"/>
    <class days="0100000" id="84" room="55" start="108" weeks="111111111111111"/>
    <class days="0100000" id="85" room="55" start="168" weeks="111111111111111"/>
    <class days="0010000" id="86" room="61" start="168" weeks="111111111111111"/>
    <class days="0010000" id="87" room="62" start="132" weeks="111111111111111"/>
    <class days="0100000" id="88" room="58" start="120" weeks="111111111111111"/>
    <class days="0000100" id="89" room="1" start="120" weeks="111111111111111"/>
    <class days="1000000" id="90" room="55" start="132" weeks="111111111111111"/>
    <class days="0010000" id="91" room="58" start="168" weeks="111111111111111"/>
    <class days="1000000" id="92" room="67" start="144" weeks="111111111111111"/>
    <class days="1000000" id="93" room="58" start="96" weeks="111111111111111"/>
    <class days="0001000" id="94" room="67" start="156" weeks="111111111111111"/>
    <class days="0001000" id="95" room="28" start="108" weeks="111111111111111"/>
    <class days="0010000" id="96" room="30" start="108" weeks="111111111111111"/>
    <class days="0001000" id="97" room="5" start="168" weeks="111111111111111"/>
    <class days="0100000" id="98" room="67" start="144" weeks="111111111111111"/>
    <class days="0010000" id="99" room="30" start="168" weeks="111111111111111"/>
    <class days="0100000" id="100" room="67" start="168" weeks="111111111111111"/>
    <class days="0001000" id="101" room="4" start="168" weeks="111111111111111"/>
    <class days="0000100" id="102" start="108" weeks="111111111111111"/>
    <class days="0000100" id="103" start="168" weeks="111111111111111"/>
    <class days="0001000" id="104" room="67" start="96" weeks="111111111111111"/>
    <class days="0001000" id="105" room="34" start="120" weeks="111111111111111"/>
    <class days="0010000" id="106" room="67" start="120" weeks="111111111111111"/>
    <class days="0010000" id="107" room="38" start="168" weeks="111111111111111"/>
    <class days="1000000" id="108" room="67" start="120" weeks="111111111111111"/>
    <class days="1000000" id="109" room="4" start="168" weeks="111111111111111"/>
    <class days="0000100" id="110" room="30" start="108" weeks="111111111111111"/>
    <class days="0000100" id="111" room="30" start="168" weeks="111111111111111"/>
    <class days="1000000" id="112" room="9" start="120" weeks="111111111111111"/>
    <class days="0000100" id="113" room="9" start="132" weeks="111111111111111"/>
    <class days="0000100" id="114" room="9" start="156" weeks="111111111111111"/>
    <class days="0001000" id="115" room="11" start="120" weeks="111111111111111"/>
    <class days="0000100" id="116" room="15" start="84" weeks="111111111111111"/>
    <class days="0001000" id="117" room="27" start="96" weeks="111111111111111"/>
    <class days="0000100" id="118" room="27" start="180" weeks="111111111111111"/>
    <class days="0010000" id="119" room="27" start="108" weeks="111111111111111"/>
    <class days="0100000" id="120" room="62" start="168" weeks="111111111111111"/>
    <class days="0010000" id="121" room="62" start="156" weeks="111111111111111"/>
    <class days="1000000" id="122" room="9" start="156" weeks="111111111111111"/>
    <class days="0100000" id="123" room="11" start="156" weeks="111111111111111"/>
    <class days="0001000" id="124" room="11" start="168" weeks="111111111111111"/>
    <class days="0100000" id="125" room="9" start="156" weeks="111111111111111"/>
    <class days="0010000" id="126" room="15" start="132" weeks="111111111111111"/>
    <class days="0000100" id="127" room="9" start="168" weeks="111111111111111"/>
    <class days="0001000" id="128" room="9" start="96" weeks="111111111111111"/>
    <class days="1000000" id="129" room="9" start="96" weeks="111111111111111"/>
    <class days="0100000" id="130" room="15" start="156" weeks="111111111111111"/>
    <class days="0010000" id="131" room="64" start="96" weeks="111111111111111"/>
    <class days="0100000" id="132" room="64" start="180" weeks="111111111111111"/>
    <class days="0010000" id="133" room="64" start="180" weeks="111111111111111"/>
    <class days="0001000" id="134" room="64" start="132" weeks="111111111111111"/>
    <class days="0000100" id="135" room="64" start="120" weeks="111111111111111"/>
    <class days="0010000" id="136" room="64" start="120" weeks="111111111111111"/>
    <class days="0100000" id="137" room="64" start="156" weeks="111111111111111"/>
    <class days="0001000" id="138" room="64" start="144" weeks="111111111111111"/>
    <class days="0001000" id="139" room="64" start="156" weeks="111111111111111"/>
    <class days="0000100" id="140" room="64" start="144" weeks="111111111111111"/>
    <class days="0010000" id="141" room="49" start="210" weeks="111111111111111"/>
    <class days="0100000" id="142" room="49" start="210" weeks="111111111111111"/>
    <class days="0000100" id="143" room="49" start="210" weeks="111111111111111"/>
    <class days="0001000" id="144" room="49" start="210" weeks="111111111111111"/>
    <class days="0100000" id="145" room="53" start="210" weeks="111111111111111"/>
    <class days="1000000" id="146" room="53" start="210" weeks="111111111111111"/>
    <class days="0000100" id="147" room="53" start="210" weeks="111111111111111"/>
    <class days="0001000" id="148" room="53" start="210" weeks="111111111111111"/>
    <class days="0000100" id="149" room="9" start="96" weeks="111111111111111"/>
    <class days="0010000" id="150" room="9" start="168" weeks="111111111111111"/>
    <class days="0000100" id="151" room="64" start="96" weeks="111111111111111"/>
    <class days="0010000" id="152" room="64" start="168" weeks="111111111111111"/>
    <class days="0000100" id="153" room="64" start="156" weeks="111111111111111"/>
    <class days="0001000" id="154" room="64" start="180" weeks="111111111111111"/>
    <class days="0001000" id="155" room="64" start="108" weeks="111111111111111"/>
    <class days="0010000" id="156" room="64" start="132" weeks="111111111111111"/>
    <class days="0100000" id="157" room="64" start="96" weeks="111111111111111"/>
    <class days="1000000" id="158" room="64" start="144" weeks="111111111111111"/>
    <class days="1000000" id="159" room="60" start="96" weeks="111111111111111"/>
    <class days="0100000" id="160" room="60" start="132" weeks="111111111111111"/>
    <class days="0000100" id="161" room="8" start="156" weeks="111111111111111"/>
    <class days="0100000" id="162" room="8" start="144" weeks="111111111111111"/>
    <class days="0010000" id="163" room="13" start="132" weeks="111111111111111"/>
    <class days="0001000" id="164" room="10" start="120" weeks="111111111111111"/>
    <class days="0000100" id="165" room="10" start="120" weeks="111111111111111"/>
    <class days="0100000" id="166" room="60" start="156" weeks="111111111111111"/>
    <class days="0000100" id="167" room="13" start="120" weeks="111111111111111"/>
    <class days="0000100" id="168" room="10" start="156" weeks="111111111111111"/>
    <class days="1000000" id="169" room="60" start="156" weeks="111111111111111"/>
    <class days="1000000" id="170" room="60" start="168" weeks="111111111111111"/>
    <class days="1000000" id="171" room="10" start="108" weeks="111111111111111"/>
    <class days="0010000" id="172" room="10" start="156" weeks="111111111111111"/>
    <class days="0010000" id="173" room="10" start="120" weeks="111111111111111"/>
    <class days="0001000" id="174" room="9" start="120" weeks="111111111111111"/>
    <class days="1000000" id="175" room="62" start="168" weeks="111111111111111"/>
    <class days="0010000" id="176" room="60" start="192" weeks="111111111111111"/>
    <class days="1000000" id="177" room="60" start="120" weeks="111111111111111"/>
    <class days="0000100" id="178" room="12" start="108" weeks="111111111111111"/>
    <class days="1000000" id="179" room="15" start="168" weeks="111111111111111"/>
    <class days="0100000" id="180" room="15" start="120" weeks="111111111111111"/>
    <class days="1000000" id="181" room="15" start="96" weeks="111111111111111"/>
    <class days="0100000" id="182" room="27" start="84" weeks="111111111111111"/>
    <class days="0010000" id="183" room="27" start="84" weeks="111111111111111"/>
    <class days="0001000" id="184" room="9" start="156" weeks="111111111111111"/>
    <class days="0001000" id="185" room="62" start="156" weeks="111111111111111"/>
    <class days="0001000" id="186" room="61" start="192" weeks="111111111111111"/>
    <class days="0010000" id="187" room="9" start="96" weeks="111111111111111"/>
    <class days="0000100" id="188" room="27" start="156" weeks="111111111111111"/>
    <class days="0100000" id="189" room="9" start="144" weeks="111111111111111"/>
    <class days="1000000" id="190" room="62" start="120" weeks="111111111111111"/>
    <class days="0100000" id="191" room="9" start="120" weeks="111111111111111"/>
    <class days="0100000" id="192" room="61" start="192" weeks="111111111111111"/>
    <class days="0100000" id="193" room="9" start="96" weeks="111111111111111"/>
    <class days="0000100" id="194" room="61" start="120" weeks="111111111111111"/>
    <class days="0000100" id="195" room="61" start="156" weeks="111111111111111"/>
    <class days="1000000" id="196" room="13" start="168" weeks="111111111111111"/>
    <class days="0001000" id="197" room="13" start="168" weeks="111111111111111"/>
    <class days="0000100" id="198" room="62" start="96" weeks="111111111111111"/>
    <class days="0001000" id="199" room="62" start="96" weeks="111111111111111"/>
    <class days="0000100" id="200" room="9" start="192" weeks="111111111111111"/>
    <class days="1000000" id="201" room="10" start="144" weeks="111111111111111"/>
    <class days="0010000" id="202" room="13" start="96" weeks="111111111111111"/>
    <class days="0010000" id="203" room="9" start="192" weeks="111111111111111"/>
    <class days="0100000" id="204" room="27" start="132" weeks="111111111111111"/>
    <class days="0000100" id="205" room="9" start="108" weeks="111111111111111"/>
    <class days="0000100" id="206" room="62" start="144" weeks="111111111111111"/>
    <class days="0010000" id="207" room="15" start="168" weeks="111111111111111"/>
    <class days="0010000" id="208" room="15" start="96" weeks="111111111111111"/>
    <class days="0000100" id="209" room="13" start="96" weeks="111111111111111"/>
    <class days="0000100" id="210" room="15" start="156" weeks="111111111111111"/>
    <class days="0001000" id="211" room="15" start="132" weeks="111111111111111"/>
    <class days="0000100" id="212" room="15" start="120" weeks="111111111111111"/>
    <class days="0010000" id="213" room="9" start="108" weeks="111111111111111"/>
    <class days="0010000" id="214" room="60" start="96" weeks="111111111111111"/>
    <class days="1000000" id="215" room="15" start="132" weeks="111111111111111"/>
    <class days="0100000" id="216" room="14" start="132" weeks="111111111111111"/>
    <class days="1000000" id="217" room="14" start="168" weeks="111111111111111"/>
    <class days="1000000" id="218" room="14" start="108" weeks="111111111111111"/>
    <class days="0001000" id="219" room="14" start="180" weeks="111111111111111"/>
    <class days="0001000" id="220" room="14" start="108" weeks="111111111111111"/>
    <class days="0010000" id="221" room="14" start="132" weeks="111111111111111"/>
    <class days="1000000" id="222" room="14" start="132" weeks="111111111111111"/>
    <class days="0000100" id="223" room="14" start="120" weeks="111111111111111"/>
    <class days="0000100" id="224" room="14" start="96" weeks="111111111111111"/>
    <class days="0100000" id="225" room="14" start="120" weeks="111111111111111"/>
    <class days="0010000" id="226" room="14" start="96" weeks="111111111111111"/>
    <class days="0100000" id="227" room="14" start="108" weeks="111111111111111"/>
    <class days="1000000" id="228" start="108" weeks="111111111111111"/>
    <class days="0001000" id="229" start="180" weeks="111111111111111"/>
    <class days="0001000" id="230" room="9" start="180" weeks="111111111111111"/>
    <class days="0010000" id="231" room="18" start="120" weeks="111111111111111"/>
    <class days="0100000" id="232" room="7" start="120" weeks="111111111111111"/>
    <class days="0010000" id="233" room="11" start="120" weeks="111111111111111"/>
    <class days="1000000" id="234" room="11" start="204" weeks="111111111111111"/>
    <class days="0000100" id="235" room="11" start="168" weeks="111111111111111"/>
    <class days="0000100" id="236" room="61" start="96" weeks="111111111111111"/>
    <class days="0001000" id="237" room="9" start="168" weeks="111111111111111"/>
    <class days="0001000" id="238" room="11" start="96" weeks="111111111111111"/>
    <class days="1000000" id="239" room="11" start="120" weeks="111111111111111"/>
    <class days="0100000" id="240" room="13" start="120" weeks="111111111111111"/>
    <class days="0010000" id="241" room="9" start="132" weeks="111111111111111"/>
    <class days="1000000" id="242" room="9" start="180" weeks="111111111111111"/>
    <class days="0010000" id="243" room="62" start="180" weeks="111111111111111"/>
    <class days="1000000" id="244" room="13" start="144" weeks="111111111111111"/>
    <class days="0100000" id="245" room="62" start="180" weeks="111111111111111"/>
    <class days="0100000" id="246" room="11" start="120" weeks="111111111111111"/>
    <class days="0010000" id="247" room="11" start="144" weeks="111111111111111"/>
    <class days="0100000" id="248" room="15" start="96" weeks="111111111111111"/>
    <class days="0001000" id="249" room="9" start="144" weeks="111111111111111"/>
    <class days="0001000" id="250" room="15" start="168" weeks="111111111111111"/>
    <class days="0001000" id="251" room="15" start="96" weeks="111111111111111"/>
    <class days="0100000" id="252" room="9" start="180" weeks="111111111111111"/>
    <class days="0000100" id="253" room="27" start="168" weeks="111111111111111"/>
    <class days="0010000" id="254" room="9" start="144" weeks="111111111111111"/>
    <class days="0000100" id="255" room="11" start="108" weeks="111111111111111"/>
    <class days="0100000" id="256" room="14" start="168" weeks="111111111111111"/>
    <class days="1000000" id="257" room="14" start="96" weeks="111111111111111"/>
    <class days="0000100" id="258" room="14" start="132" weeks="111111111111111"/>
    <class days="0100000" id="259" room="14" start="96" weeks="111111111111111"/>
    <class days="1000000" id="260" room="14" start="180" weeks="111111111111111"/>
    <class days="0010000" id="261" room="14" start="144" weeks="111111111111111"/>
    <class days="0000100" id="262" room="14" start="168" weeks="111111111111111"/>
    <class days="0001000" id="263" room="14" start="144" weeks="111111111111111"/>
    <class days="0010000" id="264" room="14" start="168" weeks="111111111111111"/>
    <class days="0001000" id="265" room="14" start="96" weeks="111111111111111"/>
    <class days="1000000" id="266" room="27" start="192" weeks="111111111111111"/>
    <class days="1000000" id="267" room="50" start="132" weeks="111111111111111"/>
    <class days="0010000" id="268" room="50" start="144" weeks="111111111111111"/>
    <class days="0010000" id="269" room="52" start="96" weeks="111111111111111"/>
    <class days="0000100" id="270" room="50" start="132" weeks="111111111111111"/>
    <class days="0100000" id="271" room="17" start="108" weeks="111111111111111"/>
    <class days="0010000" id="272" room="27" start="144" weeks="111111111111111"/>
    <class days="0001000" id="273" room="27" start="144" weeks="111111111111111"/>
    <class days="0000100" id="274" room="50" start="156" weeks="111111111111111"/>
    <class days="0100000" id="275" room="27" start="192" weeks="111111111111111"/>
    <class days="0000100" id="276" room="48" start="168" weeks="111111111111111"/>
    <class days="0000100" id="277" room="50" start="192" weeks="111111111111111"/>
    <class days="1000000" id="278" room="48" start="144" weeks="111111111111111"/>
    <class days="1000000" id="279" room="50" start="96" weeks="111111111111111"/>
    <class days="0100000" id="280" room="50" start="156" weeks="111111111111111"/>
    <class days="1000000" id="281" room="50" start="156" weeks="111111111111111"/>
    <class days="0010000" id="282" room="50" start="96" weeks="111111111111111"/>
    <class days="0010000" id="283" room="50" start="192" weeks="111111111111111"/>
    <class days="0001000" id="284" room="48" start="144" weeks="111111111111111"/>
    <class days="0010000" id="285" room="48" start="96" weeks="111111111111111"/>
    <class days="0010000" id="286" room="51" start="144" weeks="111111111111111"/>
    <class days="0001000" id="287" room="50" start="132" weeks="111111111111111"/>
    <class days="0001000" id="288" room="50" start="168" weeks="111111111111111"/>
    <class days="0010000" id="289" room="48" start="132" weeks="111111111111111"/>
    <class days="0001000" id="290" room="50" start="192" weeks="111111111111111"/>
    <class days="0100000" id="291" room="50" start="120" weeks="111111111111111"/>
    <class days="1000000" id="292" room="17" start="132" weeks="111111111111111"/>
    <class days="0100000" id="293" room="50" start="192" weeks="111111111111111"/>
    <class days="0001000" id="294" room="50" start="96" weeks="111111111111111"/>
    <class days="0000100" id="295" room="52" start="96" weeks="111111111111111"/>
    <class days="1000000" id="296" room="52" start="96" weeks="111111111111111"/>
    <class days="0000100" id="297" room="48" start="192" weeks="111111111111111"/>
    <class days="0010000" id="298" room="51" start="120" weeks="111111111111111"/>
    <class days="0001000" id="299" room="48" start="120" weeks="111111111111111"/>
    <class days="1000000" id="300" room="64" start="156" weeks="111111111111111"/>
    <class days="0010000" id="301" room="48" start="192" weeks="111111111111111"/>
    <class days="0100000" id="302" room="48" start="96" weeks="111111111111111"/>
    <class days="0100000" id="303" room="52" start="96" weeks="111111111111111"/>
    <class days="0001000" id="304" room="48" start="96" weeks="111111111111111"/>
    <class days="1000000" id="305" room="48" start="192" weeks="111111111111111"/>
    <class days="1000000" id="306" room="51" start="168" weeks="111111111111111"/>
    <class days="0000100" id="307" room="51" start="96" weeks="111111111111111"/>
    <class days="0100000" id="308" room="48" start="168" weeks="111111111111111"/>
    <class days="0010000" id="309" room="50" start="156" weeks="111111111111111"/>
    <class days="0100000" id="310" room="51" start="168" weeks="111111111111111"/>
    <class days="1000000" id="311" room="50" start="180" weeks="111111111111111"/>
    <class days="0010000" id="312" room="51" start="168" weeks="111111111111111"/>
    <class days="1000000" id="313" room="48" start="96" weeks="111111111111111"/>
    <class days="0001000" id="314" room="48" start="192" weeks="111111111111111"/>
    <class days="0000100" id="315" room="48" start="132" weeks="111111111111111"/>
    <class days="0100000" id="316" room="48" start="144" weeks="111111111111111"/>
    <class days="0001000" id="317" room="52" start="156" weeks="111111111111111"/>
    <class days="0000100" id="318" room="52" start="168" weeks="111111111111111"/>
    <class days="0000100" id="319" room="48" start="96" weeks="111111111111111"/>
    <class days="0010000" id="320" room="52" start="132" weeks="111111111111111"/>
    <class days="0001000" id="321" room="17" start="144" weeks="111111111111111"/>
    <class days="0100000" id="322" room="48" start="192" weeks="111111111111111"/>
    <class days="0010000" id="323" room="48" start="156" weeks="111111111111111"/>
    <class days="0100000" id="324" room="48" start="120" weeks="111111111111111"/>
    <class days="1000000" id="325" room="51" start="96" weeks="111111111111111"/>
    <class days="0001000" id="326" room="48" start="168" weeks="111111111111111"/>
    <class days="0100000" id="327" room="51" start="132" weeks="111111111111111"/>
    <class days="1000000" id="328" room="48" start="168" weeks="111111111111111"/>
    <class days="0100000" id="329" room="1" start="132" weeks="111111111111111"/>
    <class days="0000100" id="330" room="56" start="144" weeks="111111111111111"/>
    <class days="1000000" id="331" room="37" start="120" weeks="111111111111111"/>
    <class days="0100000" id="332" room="55" start="120" weeks="111111111111111"/>
    <class days="0001000" id="333" room="55" start="120" weeks="111111111111111"/>
    <class days="0000100" id="334" room="33" start="96" weeks="111111111111111"/>
    <class days="0010000" id="335" room="59" start="96" weeks="111111111111111"/>
    <class days="0001000" id="336" room="2" start="108" weeks="111111111111111"/>
    <class days="1000000" id="337" room="46" start="132" weeks="111111111111111"/>
    <class days="0100000" id="338" room="46" start="120" weeks="111111111111111"/>
    <class days="0100000" id="339" room="46" start="144" weeks="111111111111111"/>
    <class days="0001000" id="340" room="18" start="144" weeks="111111111111111"/>
    <class days="1000000" id="341" room="60" start="132" weeks="111111111111111"/>
    <class days="0010000" id="342" room="60" start="120" weeks="111111111111111"/>
    <class days="0000100" id="343" room="60" start="120" weeks="111111111111111"/>
    <class days="0001000" id="344" room="60" start="132" weeks="111111111111111"/>
    <class days="0001000" id="345" room="62" start="120" weeks="111111111111111"/>
    <class days="0010000" id="346" room="61" start="144" weeks="111111111111111"/>
    <class days="0010000" id="347" room="42" start="120" weeks="111111111111111"/>
    <class days="0000100" id="348" room="27" start="108" weeks="111111111111111"/>
    <class days="0100000" id="349" start="180" weeks="111111111111111"/>
    <class days="1000000" id="350" start="132" weeks="111111111111111"/>
    <class days="1000000" id="351" room="66" start="144" weeks="111111111111111"/>
    <class days="0010000" id="352" room="46" start="96" weeks="111111111111111"/>
    <class days="0010000" id="353" room="60" start="168" weeks="111111111111111"/>
    <class days="0000100" id="354" room="60" start="96" weeks="111111111111111"/>
    <class days="0100000" id="355" room="60" start="108" weeks="111111111111111"/>
    <class days="0010000" id="356" room="60" start="132" weeks="111111111111111"/>
    <class days="1000000" id="357" room="46" start="96" weeks="111111111111111"/>
    <class days="0010000" id="358" room="46" start="108" weeks="111111111111111"/>
    <class days="0001000" id="359" room="60" start="96" weeks="111111111111111"/>
    <class days="0010000" id="360" room="60" start="144" weeks="111111111111111"/>
    <class days="0000100" id="361" room="65" start="156" weeks="111111111111111"/>
    <class days="0100000" id="362" room="65" start="108" weeks="111111111111111"/>
    <class days="0000100" id="363" room="60" start="132" weeks="111111111111111"/>
    <class days="0100000" id="364" room="60" start="96" weeks="111111111111111"/>
    <class days="0100000" id="365" room="26" start="168" weeks="111111111111111"/>
    <class days="0001000" id="366" room="17" start="192" weeks="111111111111111"/>
    <class days="0000100" id="367" room="46" start="96" weeks="111111111111111"/>
    <class days="0010000" id="368" room="18" start="144" weeks="111111111111111"/>
    <class days="0010000" id="369" room="65" start="144" weeks="111111111111111"/>
    <class days="0001000" id="370" room="65" start="156" weeks="111111111111111"/>
    <class days="1000000" id="371" room="62" start="180" weeks="111111111111111"/>
    <class days="0010000" id="372" room="62" start="192" weeks="111111111111111"/>
    <class days="0001000" id="373" room="62" start="168" weeks="111111111111111"/>
    <class days="0010000" id="374" room="62" start="108" weeks="111111111111111"/>
    <class days="1000000" id="375" room="26" start="144" weeks="111111111111111"/>
    <class days="0000100" id="376" room="17" start="180" weeks="111111111111111"/>
    <class days="0010000" id="377" start="168" weeks="111111111111111"/>
    <class days="1000000" id="378" start="108" weeks="111111111111111"/>
    <class days="0000100" id="379" room="22" start="108" weeks="111111111111111"/>
    <class days="0100000" id="380" room="22" start="156" weeks="111111111111111"/>
    <class days="0000100" id="381" room="18" start="132" weeks="111111111111111"/>
    <class days="0100000" id="382" room="18" start="168" weeks="111111111111111"/>
    <class days="0001000" id="383" room="61" start="156" weeks="111111111111111"/>
    <class days="0010000" id="384" room="62" start="144" weeks="111111111111111"/>
    <class days="0001000" id="385" room="46" start="168" weeks="111111111111111"/>
    <class days="1000000" id="386" room="18" start="132" weeks="111111111111111"/>
    <class days="1000000" id="387" room="18" start="96" weeks="111111111111111"/>
    <class days="0000100" id="388" room="18" start="120" weeks="111111111111111"/>
    <class days="1000000" id="389" room="62" start="144" weeks="111111111111111"/>
    <class days="0100000" id="390" room="27" start="144" weeks="111111111111111"/>
    <class days="0100000" id="391" room="42" start="180" weeks="111111111111111"/>
    <class days="0001000" id="392" room="42" start="192" weeks="111111111111111"/>
    <class days="0000100" id="393" room="66" start="156" weeks="111111111111111"/>
    <class days="0001000" id="394" room="66" start="180" weeks="111111111111111"/>
    <class days="1000000" id="395" room="61" start="156" weeks="111111111111111"/>
    <class days="0010000" id="396" room="18" start="156" weeks="111111111111111"/>
    <class days="0100000" id="397" room="61" start="96" weeks="111111111111111"/>
    <class days="0100000" id="398" room="62" start="120" weeks="111111111111111"/>
    <class days="0100000" id="399" start="108" weeks="111111111111111"/>
    <class days="1000000" id="400" start="168" weeks="111111111111111"/>
    <class days="0010000" id="401" room="17" start="144" weeks="111111111111111"/>
    <class days="0001000" id="402" room="17" start="96" weeks="111111111111111"/>
    <class days="0010000" id="403" room="26" start="132" weeks="111111111111111"/>
    <class days="0000100" id="404" room="26" start="96" weeks="111111111111111"/>
    <class days="1000000" id="405" room="26" start="168" weeks="111111111111111"/>
    <class days="0100000" id="406" room="26" start="120" weeks="111111111111111"/>
    <class days="0001000" id="407" start="168" weeks="111111111111111"/>
    <class days="0100000" id="408" start="168" weeks="111111111111111"/>
    <class days="0001000" id="409" room="26" start="120" weeks="111111111111111"/>
    <class days="0100000" id="410" room="66" start="120" weeks="111111111111111"/>
    <class days="0000100" id="411" room="66" start="96" weeks="111111111111111"/>
    <class days="1000000" id="412" room="47" start="120" weeks="111111111111111"/>
    <class days="0000100" id="413" room="47" start="120" weeks="111111111111111"/>
    <class days="0001000" id="414" start="120" weeks="111111111111111"/>
    <class days="1000000" id="415" room="22" start="108" weeks="111111111111111"/>
    <class days="0010000" id="416" room="66" start="168" weeks="111111111111111"/>
    <class days="0010000" id="417" room="47" start="120" weeks="111111111111111"/>
    <class days="1000000" id="418" room="42" start="96" weeks="111111111111111"/>
    <class days="0000100" id="419" room="17" start="96" weeks="111111111111111"/>
    <class days="1000000" id="420" room="26" start="96" weeks="111111111111111"/>
    <class days="0001000" id="421" room="26" start="108" weeks="111111111111111"/>
    <class days="0010000" id="422" room="26" start="96" weeks="111111111111111"/>
    <class days="0100000" id="423" room="17" start="96" weeks="111111111111111"/>
    <class days="1000000" id="424" room="65" start="96" weeks="111111111111111"/>
    <class days="0000100" id="425" room="26" start="144" weeks="111111111111111"/>
    <class days="0000100" id="426" room="26" start="108" weeks="111111111111111"/>
    <class days="0000100" id="427" room="26" start="156" weeks="111111111111111"/>
    <class days="0100000" id="428" room="26" start="132" weeks="111111111111111"/>
    <class days="1000000" id="429" room="26" start="132" weeks="111111111111111"/>
    <class days="1000000" id="430" room="49" start="168" weeks="111111111111111"/>
    <class days="0001000" id="431" room="44" start="132" weeks="111111111111111"/>
    <class days="1000000" id="432" room="49" start="96" weeks="111111111111111"/>
    <class days="1000000" id="433" room="49" start="120" weeks="111111111111111"/>
    <class days="0100000" id="434" room="49" start="144" weeks="111111111111111"/>
    <class days="0010000" id="435" room="54" start="108" weeks="111111111111111"/>
    <class days="1000000" id="436" room="54" start="168" weeks="111111111111111"/>
    <class days="0001000" id="437" room="17" start="108" weeks="111111111111111"/>
    <class days="0100000" id="438" room="54" start="120" weeks="111111111111111"/>
    <class days="0001000" id="439" room="54" start="120" weeks="111111111111111"/>
    <class days="0100000" id="440" room="54" start="144" weeks="111111111111111"/>
    <class days="0000100" id="441" room="26" start="168" weeks="111111111111111"/>
    <class days="0010000" id="442" room="17" start="120" weeks="111111111111111"/>
    <class days="0010000" id="443" room="17" start="168" weeks="111111111111111"/>
    <class days="0100000" id="444" room="17" start="156" weeks="111111111111111"/>
    <class days="0100000" id="445" room="17" start="132" weeks="111111111111111"/>
    <class days="0010000" id="446" room="26" start="168" weeks="111111111111111"/>
    <class days="0000100" id="447" room="17" start="144" weeks="111111111111111"/>
    <class days="0001000" id="448" room="49" start="168" weeks="111111111111111"/>
    <class days="0010000" id="449" room="49" start="120" weeks="111111111111111"/>
    <class days="0000100" id="450" room="49" start="168" weeks="111111111111111"/>
    <class days="1000000" id="451" room="17" start="96" weeks="111111111111111"/>
    <class days="0001000" id="452" room="26" start="168" weeks="111111111111111"/>
    <class days="0010000" id="453" room="49" start="96" weeks="111111111111111"/>
    <class days="0001000" id="454" room="49" start="144" weeks="111111111111111"/>
    <class days="1000000" id="455" room="17" start="156" weeks="111111111111111"/>
    <class days="0100000" id="456" room="49" start="96" weeks="111111111111111"/>
    <class days="0001000" id="457" room="49" start="96" weeks="111111111111111"/>
    <class days="0100000" id="458" room="49" start="120" weeks="111111111111111"/>
    <class days="0100000" id="459" room="49" start="168" weeks="111111111111111"/>
    <class days="0000100" id="460" room="49" start="108" weeks="111111111111111"/>
    <class days="0000100" id="461" room="49" start="144" weeks="111111111111111"/>
    <class days="0010000" id="462" room="17" start="96" weeks="111111111111111"/>
    <class days="0001000" id="463" room="54" start="168" weeks="111111111111111"/>
    <class days="0000100" id="464" room="54" start="96" weeks="111111111111111"/>
    <class days="0000100" id="465" room="54" start="168" weeks="111111111111111"/>
    <class days="1000000" id="466" room="44" start="132" weeks="111111111111111"/>
    <class days="0010000" id="467" room="49" start="144" weeks="111111111111111"/>
    <class days="0001000" id="468" start="168" weeks="111111111111111"/>
    <class days="0010000" id="469" start="96" weeks="111111111111111"/>
    <class days="0100000" id="470" room="44" start="144" weeks="111111111111111"/>
    <class days="0000100" id="471" room="44" start="108" weeks="111111111111111"/>
    <class days="0001000" id="472" room="54" start="96" weeks="111111111111111"/>
    <class days="0010000" id="473" room="49" start="168" weeks="111111111111111"/>
    <class days="0001000" id="474" room="53" start="144" weeks="111111111111111"/>
    <class days="0100000" id="475" room="53" start="168" weeks="111111111111111"/>
    <class days="0001000" id="476" room="53" start="168" weeks="111111111111111"/>
    <class days="1000000" id="477" room="53" start="144" weeks="111111111111111"/>
    <class days="1000000" id="478" room="53" start="120" weeks="111111111111111"/>
    <class days="0100000" id="479" room="53" start="108" weeks="111111111111111"/>
    <class days="0010000" id="480" room="53" start="192" weeks="111111111111111"/>
    <class days="0100000" id="481" room="53" start="144" weeks="111111111111111"/>
    <class days="1000000" id="482" room="53" start="168" weeks="111111111111111"/>
    <class days="0010000" id="483" room="53" start="120" weeks="111111111111111"/>
    <class days="0100000" id="484" room="26" start="96" weeks="111111111111111"/>
    <class days="0010000" id="485" room="53" start="144" weeks="111111111111111"/>
    <class days="0010000" id="486" room="53" start="168" weeks="111111111111111"/>
    <class days="0000100" id="487" room="53" start="96" weeks="111111111111111"/>
    <class days="0000100" id="488" room="53" start="120" weeks="111111111111111"/>
    <class days="0010000" id="489" room="53" start="96" weeks="111111111111111"/>
    <class days="0001000" id="490" room="53" start="96" weeks="111111111111111"/>
    <class days="1000000" id="491" room="53" start="96" weeks="111111111111111"/>
    <class days="0000100" id="492" room="53" start="144" weeks="111111111111111"/>
    <class days="0000100" id="493" room="53" start="168" weeks="111111111111111"/>
    <class days="0001000" id="494" start="144" weeks="111111111111111"/>
    <class days="0100000" id="495" start="168" weeks="111111111111111"/>
    <class days="1000000" id="496" room="49" start="210" weeks="111111111111111"/>
    <class days="0001000" id="497" room="21" start="108" weeks="111111111111111"/>
    <class days="0000100" id="498" room="21" start="204" weeks="111111111111111"/>
    <class days="0010000" id="499" room="21" start="168" weeks="111111111111111"/>
    <class days="0100000" id="500" room="21" start="132" weeks="111111111111111"/>
    <class days="1000000" id="501" room="42" start="156" weeks="111111111111111"/>
    <class days="0010000" id="502" room="42" start="168" weeks="111111111111111"/>
    <class days="0100000" id="503" room="24" start="108" weeks="111111111111111"/>
    <class days="0000100" id="504" room="42" start="144" weeks="111111111111111"/>
    <class days="0000100" id="505" room="63" start="132" weeks="111111111111111"/>
    <class days="0001000" id="506" room="24" start="192" weeks="111111111111111"/>
    <class days="0010000" id="507" room="63" start="168" weeks="111111111111111"/>
    <class days="0001000" id="508" room="24" start="156" weeks="111111111111111"/>
    <class days="0100000" id="509" room="41" start="144" weeks="111111111111111"/>
    <class days="0001000" id="510" room="63" start="120" weeks="111111111111111"/>
    <class days="1000000" id="511" room="21" start="96" weeks="111111111111111"/>
    <class days="0010000" id="512" room="21" start="156" weeks="111111111111111"/>
    <class days="0010000" id="513" room="21" start="132" weeks="111111111111111"/>
    <class days="0000100" id="514" room="24" start="144" weeks="111111111111111"/>
    <class days="0000100" id="515" room="63" start="192" weeks="111111111111111"/>
    <class days="0001000" id="516" room="24" start="144" weeks="111111111111111"/>
    <class days="1000000" id="517" room="63" start="156" weeks="111111111111111"/>
    <class days="0001000" id="518" room="27" start="108" weeks="111111111111111"/>
    <class days="1000000" id="519" room="64" start="108" weeks="111111111111111"/>
    <class days="0010000" id="520" room="52" start="156" weeks="111111111111111"/>
    <class days="1000000" id="521" room="52" start="156" weeks="111111111111111"/>
    <class days="0000100" id="522" room="50" start="108" weeks="111111111111111"/>
    <class days="0100000" id="523" room="52" start="156" weeks="111111111111111"/>
    <class days="1000000" id="524" room="52" start="132" weeks="111111111111111"/>
    <class days="1000000" id="525" room="27" start="120" weeks="111111111111111"/>
    <class days="0001000" id="526" room="51" start="132" weeks="111111111111111"/>
    <class days="0100000" id="527" room="27" start="96" weeks="111111111111111"/>
    <class days="0100000" id="528" room="51" start="96" weeks="111111111111111"/>
    <class days="0001000" id="529" room="52" start="96" weeks="111111111111111"/>
    <class days="0000100" id="530" room="52" start="132" weeks="111111111111111"/>
    <class days="1000000" id="531" room="51" start="132" weeks="111111111111111"/>
    <class days="0010000" id="532" room="51" start="96" weeks="111111111111111"/>
    <class days="0001000" id="533" room="51" start="156" weeks="111111111111111"/>
    <class days="0000100" id="534" room="51" start="168" weeks="111111111111111"/>
    <class days="0001000" id="535" room="51" start="96" weeks="111111111111111"/>
    <class days="0100000" id="536" room="52" start="132" weeks="111111111111111"/>
    <class days="0000100" id="537" room="17" start="108" weeks="111111111111111"/>
    <class days="0100000" id="538" room="50" start="96" weeks="111111111111111"/>
    <class days="0000100" id="539" room="51" start="132" weeks="111111111111111"/>
    <class days="0000100" id="540" room="27" start="192" weeks="111111111111111"/>
    <class days="0001000" id="541" room="27" start="192" weeks="111111111111111"/>
    <class days="0010000" id="542" room="27" start="192" weeks="111111111111111"/>
    <class days="0000100" id="543" room="27" start="120" weeks="111111111111111"/>
    <class days="1000000" id="544" room="27" start="156" weeks="111111111111111"/>
    <class days="0100000" id="545" room="27" start="156" weeks="111111111111111"/>
    <class days="0010000" id="546" room="46" start="132" weeks="111111111111111"/>
    <class days="1000000" id="547" room="46" start="168" weeks="111111111111111"/>
    <class days="0100000" id="548" room="19" start="168" weeks="111111111111111"/>
    <class days="0000100" id="549" room="46" start="120" weeks="111111111111111"/>
    <class days="0000100" id="550" room="60" start="108" weeks="111111111111111"/>
    <class days="0010000" id="551" room="19" start="120" weeks="111111111111111"/>
    <class days="0100000" id="552" room="42" start="96" weeks="111111111111111"/>
    <class days="0000100" id="553" room="41" start="120" weeks="111111111111111"/>
    <class days="0000100" id="554" room="42" start="120" weeks="111111111111111"/>
    <class days="0001000" id="555" room="42" start="144" weeks="111111111111111"/>
    <class days="0000100" id="556" room="42" start="96" weeks="111111111111111"/>
    <class days="0100000" id="557" room="42" start="144" weeks="111111111111111"/>
    <class days="0001000" id="558" room="25" start="168" weeks="111111111111111"/>
    <class days="1000000" id="559" room="23" start="168" weeks="111111111111111"/>
    <class days="0100000" id="560" room="23" start="168" weeks="111111111111111"/>
    <class days="0000100" id="561" room="23" start="108" weeks="111111111111111"/>
    <class days="0000100" id="562" room="60" start="156" weeks="111111111111111"/>
    <class days="0000100" id="563" room="46" start="144" weeks="111111111111111"/>
    <class days="0000100" id="564" room="19" start="96" weeks="111111111111111"/>
    <class days="0100000" id="565" room="46" start="96" weeks="111111111111111"/>
    <class days="1000000" id="566" room="46" start="204" weeks="111111111111111"/>
    <class days="1000000" id="567" room="19" start="156" weeks="111111111111111"/>
    <class days="0000100" id="568" room="24" start="96" weeks="111111111111111"/>
    <class days="0001000" id="569" room="24" start="132" weeks="111111111111111"/>
    <class days="0100000" id="570" room="23" start="132" weeks="111111111111111"/>
    <class days="0100000" id="571" room="21" start="204" weeks="111111111111111"/>
    <class days="1000000" id="572" room="21" start="120" weeks="111111111111111"/>
    <class days="1000000" id="573" room="42" start="120" weeks="111111111111111"/>
    <class days="0010000" id="574" room="42" start="144" weeks="111111111111111"/>
    <class days="0100000" id="575" room="20" start="168" weeks="111111111111111"/>
    <class days="0000100" id="576" room="23" start="168" weeks="111111111111111"/>
    <class days="0010000" id="577" room="23" start="168" weeks="111111111111111"/>
    <class days="1000000" id="578" room="24" start="180" weeks="111111111111111"/>
    <class days="1000000" id="579" room="24" start="156" weeks="111111111111111"/>
    <class days="0000100" id="580" room="42" start="168" weeks="111111111111111"/>
    <class days="0010000" id="581" room="42" start="96" weeks="111111111111111"/>
    <class days="0010000" id="582" room="24" start="108" weeks="111111111111111"/>
    <class days="0001000" id="583" room="24" start="180" weeks="111111111111111"/>
    <class days="0100000" id="584" room="21" start="108" weeks="111111111111111"/>
    <class days="0000100" id="585" room="21" start="96" weeks="111111111111111"/>
    <class days="0010000" id="586" room="24" start="132" weeks="111111111111111"/>
    <class days="0100000" id="587" room="24" start="120" weeks="111111111111111"/>
    <class days="0001000" id="588" room="21" start="132" weeks="111111111111111"/>
    <class days="0001000" id="589" room="21" start="168" weeks="111111111111111"/>
    <class days="0001000" id="590" room="41" start="156" weeks="111111111111111"/>
    <class days="0010000" id="591" room="24" start="96" weeks="111111111111111"/>
    <class days="1000000" id="592" room="21" start="204" weeks="111111111111111"/>
    <class days="0100000" id="593" room="21" start="144" weeks="111111111111111"/>
    <class days="0010000" id="594" room="21" start="192" weeks="111111111111111"/>
    <class days="0000100" id="595" room="21" start="108" weeks="111111111111111"/>
    <class days="0000100" id="596" room="21" start="156" weeks="111111111111111"/>
    <class days="0100000" id="597" room="24" start="180" weeks="111111111111111"/>
    <class days="1000000" id="598" room="24" start="192" weeks="111111111111111"/>
    <class days="0100000" id="599" room="21" start="168" weeks="111111111111111"/>
    <class days="0001000" id="600" room="21" start="192" weeks="111111111111111"/>
    <class days="0000100" id="601" room="21" start="168" weeks="111111111111111"/>
    <class days="0010000" id="602" room="21" start="96" weeks="111111111111111"/>
    <class days="0010000" id="603" room="21" start="120" weeks="111111111111111"/>
    <class days="1000000" id="604" room="23" start="132" weeks="111111111111111"/>
    <class days="0010000" id="605" room="41" start="168" weeks="111111111111111"/>
    <class days="1000000" id="606" room="44" start="180" weeks="111111111111111"/>
    <class days="0100000" id="607" room="44" start="108" weeks="111111111111111"/>
    <class days="1000000" id="608" room="42" start="144" weeks="111111111111111"/>
    <class days="0010000" id="609" room="24" start="168" weeks="111111111111111"/>
    <class days="0100000" id="610" room="42" start="156" weeks="111111111111111"/>
    <class days="0010000" id="611" room="24" start="156" weeks="111111111111111"/>
    <class days="0001000" id="612" room="42" start="132" weeks="111111111111111"/>
    <class days="0010000" id="613" room="42" start="180" weeks="111111111111111"/>
    <class days="0001000" id="614" room="23" start="108" weeks="111111111111111"/>
    <class days="1000000" id="615" room="24" start="144" weeks="111111111111111"/>
    <class days="0000100" id="616" room="24" start="120" weeks="111111111111111"/>
    <class days="1000000" id="617" room="21" start="168" weeks="111111111111111"/>
    <class days="0100000" id="618" room="21" start="96" weeks="111111111111111"/>
    <class days="0010000" id="619" room="18" start="96" weeks="111111111111111"/>
    <class days="1000000" id="620" room="42" start="180" weeks="111111111111111"/>
    <class days="1000000" id="621" room="24" start="96" weeks="111111111111111"/>
    <class days="0100000" id="622" room="24" start="144" weeks="111111111111111"/>
    <class days="0000100" id="623" room="24" start="168" weeks="111111111111111"/>
    <class days="0010000" id="624" room="42" start="108" weeks="111111111111111"/>
    <class days="1000000" id="625" room="41" start="168" weeks="111111111111111"/>
    <class days="0000100" id="626" room="41" start="144" weeks="111111111111111"/>
    <class days="1000000" id="627" room="24" start="120" weeks="111111111111111"/>
    <class days="0010000" id="628" room="63" start="204" weeks="111111111111111"/>
    <class days="0001000" id="629" room="63" start="156" weeks="111111111111111"/>
    <class days="0010000" id="630" room="63" start="96" weeks="111111111111111"/>
    <class days="0001000" id="631" room="24" start="108" weeks="111111111111111"/>
    <class days="0001000" id="632" room="24" start="96" weeks="111111111111111"/>
    <class days="1000000" id="633" room="21" start="144" weeks="111111111111111"/>
    <class days="0000100" id="634" room="63" start="120" weeks="111111111111111"/>
    <class days="0000100" id="635" room="21" start="120" weeks="111111111111111"/>
    <class days="0010000" id="636" room="63" start="132" weeks="111111111111111"/>
    <class days="0100000" id="637" room="63" start="192" weeks="111111111111111"/>
    <class days="0000100" id="638" room="63" start="156" weeks="111111111111111"/>
    <class days="0001000" id="639" room="63" start="168" weeks="111111111111111"/>
    <class days="0010000" id="640" room="63" start="180" weeks="111111111111111"/>
    <class days="0100000" id="641" room="63" start="168" weeks="111111111111111"/>
    <class days="1000000" id="642" room="63" start="180" weeks="111111111111111"/>
    <class days="0100000" id="643" room="63" start="108" weeks="111111111111111"/>
    <class days="0001000" id="644" room="63" start="180" weeks="111111111111111"/>
    <class days="0100000" id="645" room="63" start="96" weeks="111111111111111"/>
    <class days="1000000" id="646" room="63" start="96" weeks="111111111111111"/>
    <class days="0001000" id="647" room="63" start="96" weeks="111111111111111"/>
    <class days="0000100" id="648" room="63" start="168" weeks="111111111111111"/>
    <class days="1000000" id="649" room="63" start="192" weeks="111111111111111"/>
    <class days="0100000" id="650" room="63" start="132" weeks="111111111111111"/>
    <class days="1000000" id="651" room="63" start="132" weeks="111111111111111"/>
    <class days="0010000" id="652" room="63" start="120" weeks="111111111111111"/>
    <class days="0001000" id="653" room="63" start="132" weeks="111111111111111"/>
    <class days="1000000" id="654" room="63" start="120" weeks="111111111111111"/>
    <class days="0000100" id="655" room="63" start="96" weeks="111111111111111"/>
    <class days="0000100" id="656" room="63" start="144" weeks="111111111111111"/>
    <class days="0001000" id="657" start="210" weeks="111111111111111"/>
    <class days="0010000" id="658" start="210" weeks="111111111111111"/>
    <class days="1000000" id="659" start="210" weeks="111111111111111"/>
    <class days="0100000" id="660" start="210" weeks="111111111111111"/>
    <class days="0100000" id="661" start="210" weeks="111111111111111"/>
    <class days="0100000" id="662" room="18" start="180" weeks="111111111111111"/>
    <class days="1000000" id="663" room="62" start="132" weeks="111111111111111"/>
    <class days="0001000" id="664" room="46" start="96" weeks="111111111111111"/>
    <class days="0010000" id="665" room="46" start="156" weeks="111111111111111"/>
    <class days="0010000" id="666" room="61" start="96" weeks="111111111111111"/>
    <class days="0000100" id="667" room="62" start="180" weeks="111111111111111"/>
    <class days="0001000" id="668" room="61" start="108" weeks="111111111111111"/>
    <class days="0000100" id="669" room="27" start="96" weeks="111111111111111"/>
    <class days="0100000" id="670" room="61" start="132" weeks="111111111111111"/>
    <class days="1000000" id="671" room="46" start="156" weeks="111111111111111"/>
    <class days="0001000" id="672" room="65" start="108" weeks="111111111111111"/>
    <class days="0010000" id="673" start="168" weeks="111111111111111"/>
    <class days="0001000" id="674" room="60" start="156" weeks="111111111111111"/>
    <class days="0001000" id="675" room="60" start="180" weeks="111111111111111"/>
    <class days="1000000" id="676" room="66" start="168" weeks="111111111111111"/>
    <class days="0100000" id="677" room="22" start="108" weeks="111111111111111"/>
    <class days="0001000" id="678" room="42" start="96" weeks="111111111111111"/>
    <class days="0001000" id="679" room="42" start="120" weeks="111111111111111"/>
    <class days="0100000" id="680" room="22" start="132" weeks="111111111111111"/>
    <class days="0000100" id="681" room="22" start="96" weeks="111111111111111"/>
    <class days="1000000" id="682" room="18" start="168" weeks="111111111111111"/>
    <class days="0010000" id="683" room="27" start="180" weeks="111111111111111"/>
    <class days="0010000" id="684" room="46" start="168" weeks="111111111111111"/>
    <class days="1000000" id="685" room="61" start="108" weeks="111111111111111"/>
    <class days="0100000" id="686" room="42" start="120" weeks="111111111111111"/>
    <class days="0001000" id="687" room="61" start="180" weeks="111111111111111"/>
    <class days="0001000" id="688" room="27" start="168" weeks="111111111111111"/>
    <class days="0100000" id="689" room="65" start="168" weeks="111111111111111"/>
    <class days="0000100" id="690" room="18" start="96" weeks="111111111111111"/>
    <class days="0100000" id="691" room="46" start="180" weeks="111111111111111"/>
    <class days="0000100" id="692" room="46" start="156" weeks="111111111111111"/>
    <class days="0001000" id="693" room="18" start="180" weeks="111111111111111"/>
    <class days="0000100" id="694" room="18" start="156" weeks="111111111111111"/>
    <class days="0001000" id="695" room="46" start="120" weeks="111111111111111"/>
    <class days="0010000" id="696" room="27" start="96" weeks="111111111111111"/>
    <class days="1000000" id="697" room="65" start="120" weeks="111111111111111"/>
    <class days="0100000" id="698" room="46" start="132" weeks="111111111111111"/>
    <class days="0100000" id="699" room="18" start="96" weeks="111111111111111"/>
    <class days="0100000" id="700" room="47" start="96" weeks="111111111111111"/>
    <class days="0010000" id="701" room="66" start="96" weeks="111111111111111"/>
    <class days="1000000" id="702" room="66" start="108" weeks="111111111111111"/>
    <class days="0001000" id="703" room="66" start="108" weeks="111111111111111"/>
    <class days="0010000" id="704" room="3" start="96" weeks="111111111111111"/>
    <class days="0001000" id="705" room="37" start="108" weeks="111111111111111"/>
    <class days="0010000" id="706" room="33" start="168" weeks="111111111111111"/>
    <class days="0001000" id="707" room="61" start="96" weeks="111111111111111"/>
    <class days="0001000" id="708" room="62" start="144" weeks="111111111111111"/>
    <class days="0000100" id="709" room="3" start="120" weeks="111111111111111"/>
    <class days="1000000" id="710" room="59" start="144" weeks="111111111111111"/>
    <class days="1000000" id="711" room="59" start="96" weeks="111111111111111"/>
    <class days="0001000" id="712" room="59" start="156" weeks="111111111111111"/>
    <class days="0001000" id="713" room="1" start="108" weeks="111111111111111"/>
    <class days="0000100" id="714" room="59" start="132" weeks="111111111111111"/>
    <class days="0010000" id="715" room="55" start="96" weeks="111111111111111"/>
    <class days="0001000" id="716" room="32" start="168" weeks="111111111111111"/>
    <class days="0100000" id="717" room="36" start="168" weeks="111111111111111"/>
    <class days="0000100" id="718" room="62" start="168" weeks="111111111111111"/>
    <class days="0000100" id="719" room="62" start="108" weeks="111111111111111"/>
    <class days="0000100" id="720" room="33" start="120" weeks="111111111111111"/>
    <class days="1000000" id="721" room="61" start="144" weeks="111111111111111"/>
    <class days="0100000" id="722" room="61" start="120" weeks="111111111111111"/>
    <class days="0010000" id="723" room="3" start="144" weeks="111111111111111"/>
    <class days="0010000" id="724" room="59" start="144" weeks="111111111111111"/>
    <class days="1000000" id="725" room="59" start="120" weeks="111111111111111"/>
    <class days="0010000" id="726" room="59" start="180" weeks="111111111111111"/>
    <class days="0100000" id="727" room="32" start="120" weeks="111111111111111"/>
    <class days="1000000" id="728" room="61" start="96" weeks="111111111111111"/>
    <class days="0100000" id="729" room="62" start="96" weeks="111111111111111"/>
    <class days="0000100" id="730" room="36" start="120" weeks="111111111111111"/>
    <class days="1000000" id="731" room="61" start="180" weeks="111111111111111"/>
    <class days="0010000" id="732" room="55" start="132" weeks="111111111111111"/>
    <class days="0000100" id="733" room="55" start="168" weeks="111111111111111"/>
    <class days="0100000" id="734" room="59" start="156" weeks="111111111111111"/>
    <class days="0000100" id="735" room="59" start="120" weeks="111111111111111"/>
    <class days="1000000" id="736" room="38" start="120" weeks="111111111111111"/>
    <class days="0000100" id="737" room="1" start="132" weeks="111111111111111"/>
    <class days="0000100" id="738" room="1" start="144" weeks="111111111111111"/>
    <class days="0100000" id="739" room="29" start="120" weeks="111111111111111"/>
    <class days="0000100" id="740" room="59" start="156" weeks="111111111111111"/>
    <class days="1000000" id="741" room="62" start="96" weeks="111111111111111"/>
    <class days="0010000" id="742" room="62" start="96" weeks="111111111111111"/>
    <class days="0100000" id="743" room="59" start="96" weeks="111111111111111"/>
    <class days="0010000" id="744" room="1" start="132" weeks="111111111111111"/>
    <class days="0010000" id="745" room="34" start="168" weeks="111111111111111"/>
    <class days="0001000" id="746" room="59" start="144" weeks="111111111111111"/>
    <class days="0000100" id="747" room="59" start="96" weeks="111111111111111"/>
    <class days="0100000" id="748" room="32" start="156" weeks="111111111111111"/>
    <class days="1000000" id="749" room="59" start="180" weeks="111111111111111"/>
    <class days="0000100" id="750" room="59" start="108" weeks="111111111111111"/>
    <class days="0001000" id="751" room="29" start="168" weeks="111111111111111"/>
    <class days="0100000" id="752" room="59" start="180" weeks="111111111111111"/>
    <class days="0100000" id="753" room="59" start="168" weeks="111111111111111"/>
    <class days="0000100" id="754" room="32" start="168" weeks="111111111111111"/>
    <class days="0010000" id="755" room="55" start="120" weeks="111111111111111"/>
    <class days="0000100" id="756" room="59" start="144" weeks="111111111111111"/>
    <class days="0001000" id="757" room="35" start="120" weeks="111111111111111"/>
    <class days="0100000" id="758" room="59" start="108" weeks="111111111111111"/>
    <class days="0001000" id="759" room="59" start="96" weeks="111111111111111"/>
    <class days="0100000" id="760" room="59" start="144" weeks="111111111111111"/>
    <class days="0010000" id="761" room="1" start="144" weeks="111111111111111"/>
    <class days="0010000" id="762" room="28" start="96" weeks="111111111111111"/>
    <class days="0100000" id="763" room="30" start="168" weeks="111111111111111"/>
    <class days="0001000" id="764" room="36" start="168" weeks="111111111111111"/>
    <class days="0010000" id="765" room="67" start="96" weeks="111111111111111"/>
    <class days="1000000" id="766" room="5" start="168" weeks="111111111111111"/>
    <class days="0000100" id="767" start="108" weeks="111111111111111"/>
    <class days="0000100" id="768" start="168" weeks="111111111111111"/>
    <class days="0100000" id="769" room="30" start="96" weeks="111111111111111"/>
    <class days="0100000" id="770" room="30" start="132" weeks="111111111111111"/>
    <class days="0001000" id="771" room="30" start="132" weeks="111111111111111"/>
    <class days="0001000" id="772" room="30" start="168" weeks="111111111111111"/>
    <class days="1000000" id="773" room="30" start="96" weeks="111111111111111"/>
    <class days="1000000" id="774" room="30" start="168" weeks="111111111111111"/>
    <class days="0010000" id="775" room="40" start="96" weeks="111111111111111"/>
    <class days="0010000" id="776" room="67" start="168" weeks="111111111111111"/>
    <class days="0001000" id="777" room="30" start="96" weeks="111111111111111"/>
    <class days="0001000" id="778" room="16" start="168" weeks="111111111111111"/>
    <class days="1000000" id="779" room="30" start="120" weeks="111111111111111"/>
    <class days="1000000" id="780" room="55" start="168" weeks="111111111111111"/>
    <class days="0000100" id="781" start="168" weeks="111111111111111"/>
    <class days="0000100" id="782" start="108" weeks="111111111111111"/>
</solution>
